samples\1000_0.jpg\0001_0218_0047_0036_0036.jpg 1 218 47 36 36
samples\1000_2.jpg\0001_0141_0048_0034_0034.jpg 1 141 48 34 34
samples\1002_0.jpg\0001_0098_0048_0031_0031.jpg 1 98 48 31 31
samples\1002_2.jpg\0001_0219_0041_0034_0034.jpg 1 219 41 34 34
samples\1008_0.jpg\0001_0453_0100_0050_0050.jpg 1 453 100 50 50
samples\1008_2.jpg\0001_0219_0044_0035_0035.jpg 1 219 44 35 35
samples\100_0.jpg\0001_0219_0041_0034_0034.jpg 1 219 41 34 34
samples\100_2.jpg\0001_0219_0041_0034_0034.jpg 1 219 41 34 34
samples\1010_0.jpg\0001_0453_0100_0050_0050.jpg 1 453 100 50 50
samples\1010_2.jpg\0001_0219_0041_0034_0034.jpg 1 219 41 34 34
samples\1011_0.jpg\0001_0096_0128_0083_0083.jpg 1 96 128 83 83
samples\1011_2.jpg\0001_0117_0412_0137_0137.jpg 1 117 412 137 137
samples\1012_0.jpg\0001_0040_0147_0060_0060.jpg 1 40 147 60 60
samples\1012_2.jpg\0001_0888_1221_0624_0624.jpg 1 888 1221 624 624
samples\1014_0.jpg\0001_0063_0128_0083_0083.jpg 1 63 128 83 83
samples\1014_2.jpg\0001_0096_0128_0083_0083.jpg 1 96 128 83 83
samples\1015_0.jpg\0001_0096_0128_0082_0082.jpg 1 96 128 82 82
samples\1015_2.jpg\0001_0197_0269_0152_0152.jpg 1 197 269 152 152
samples\101_0.jpg\0001_0099_0113_0075_0075.jpg 1 99 113 75 75
samples\101_2.jpg\0001_0099_0113_0075_0075.jpg 1 99 113 75 75
samples\1024_0.jpg\0001_0101_0099_0069_0069.jpg 1 101 99 69 69
samples\1024_2.jpg\0001_0197_0269_0152_0152.jpg 1 197 269 152 152
samples\102_0.jpg\0001_0096_0128_0083_0083.jpg 1 96 128 83 83
samples\102_2.jpg\0001_0132_0400_0152_0152.jpg 1 132 400 152 152
samples\1031_0.jpg\0001_0171_0058_0116_0116.jpg 1 171 58 116 116
samples\1031_2.jpg\0001_0060_0091_0089_0089.jpg 1 60 91 89 89
samples\1032_0.jpg\0001_0063_0090_0092_0092.jpg 1 63 90 92 92
samples\1032_2.jpg\0001_0159_0066_0130_0130.jpg 1 159 66 130 130
samples\1033_0.jpg\0001_0059_0092_0088_0088.jpg 1 59 92 88 88
samples\1033_2.jpg\0001_0171_0058_0116_0116.jpg 1 171 58 116 116
samples\1034_0.jpg\0001_0159_0066_0130_0130.jpg 1 159 66 130 130
samples\1034_2.jpg\0001_0171_0058_0116_0116.jpg 1 171 58 116 116
samples\1038_0.jpg\0001_0077_0078_0111_0111.jpg 1 77 78 111 111
samples\1038_2.jpg\0001_0171_0058_0116_0116.jpg 1 171 58 116 116
samples\103_0.jpg\0001_0121_0066_0130_0130.jpg 1 121 66 130 130
samples\103_2.jpg\0001_0171_0058_0116_0116.jpg 1 171 58 116 116
samples\1040_0.jpg\0001_0185_0049_0099_0099.jpg 1 185 49 99 99
samples\1040_2.jpg\0001_0189_0234_0255_0255.jpg 1 189 234 255 255
samples\1042_0.jpg\0001_0171_0058_0116_0116.jpg 1 171 58 116 116
samples\1042_2.jpg\0001_0160_0066_0129_0129.jpg 1 160 66 129 129
samples\1044_0.jpg\0001_0171_0058_0116_0116.jpg 1 171 58 116 116
samples\1044_2.jpg\0001_0159_0066_0130_0130.jpg 1 159 66 130 130
samples\1045_0.jpg\0001_0323_0136_0255_0255.jpg 1 323 136 255 255
samples\1045_2.jpg\0001_0159_0066_0130_0130.jpg 1 159 66 130 130
samples\1047_0.jpg\0001_0171_0058_0116_0116.jpg 1 171 58 116 116
samples\1047_2.jpg\0001_0058_0092_0088_0088.jpg 1 58 92 88 88
samples\104_0.jpg\0001_0323_0136_0255_0255.jpg 1 323 136 255 255
samples\104_2.jpg\0001_0092_0066_0130_0130.jpg 1 92 66 130 130
samples\1055_0.jpg\0001_0169_0060_0119_0119.jpg 1 169 60 119 119
samples\1055_2.jpg\0001_0171_0058_0116_0116.jpg 1 171 58 116 116
samples\1058_0.jpg\0001_0167_0251_0227_0227.jpg 1 167 251 227 227
samples\1058_2.jpg\0001_0092_0066_0130_0130.jpg 1 92 66 130 130
samples\1060_0.jpg\0001_0171_0058_0116_0116.jpg 1 171 58 116 116
samples\1060_2.jpg\0001_0171_0058_0116_0116.jpg 1 171 58 116 116
samples\1062_0.jpg\0001_0159_0066_0130_0130.jpg 1 159 66 130 130
samples\1062_2.jpg\0001_0159_0066_0130_0130.jpg 1 159 66 130 130
samples\1063_0.jpg\0001_2346_0830_1483_1483.jpg 1 2346 830 1483 1483
samples\1063_2.jpg\0001_0137_0070_0032_0032.jpg 1 137 70 32 32
samples\1064_0.jpg\0001_0137_0071_0032_0032.jpg 1 137 71 32 32
samples\1064_2.jpg\0001_0284_0172_0045_0045.jpg 1 284 172 45 45
samples\106_0.jpg\0001_0074_0082_0031_0031.jpg 1 74 82 31 31
samples\106_2.jpg\0001_0284_0172_0045_0045.jpg 1 284 172 45 45
samples\1070_0.jpg\0001_0061_0083_0029_0029.jpg 1 61 83 29 29
samples\1070_2.jpg\0001_0207_0235_0045_0045.jpg 1 207 235 45 45
samples\1072_0.jpg\0001_0284_0172_0045_0045.jpg 1 284 172 45 45
samples\1072_2.jpg\0001_0137_0081_0033_0033.jpg 1 137 81 33 33
samples\1073_0.jpg\0001_0137_0062_0031_0031.jpg 1 137 62 31 31
samples\1073_2.jpg\0001_0207_0235_0045_0045.jpg 1 207 235 45 45
samples\1076_0.jpg\0001_0137_0071_0032_0032.jpg 1 137 71 32 32
samples\1076_2.jpg\0001_0137_0081_0033_0033.jpg 1 137 81 33 33
samples\1077_0.jpg\0001_0183_0236_0042_0042.jpg 1 183 236 42 42
samples\1077_2.jpg\0001_0028_0025_0073_0073.jpg 1 28 25 73 73
samples\107_0.jpg\0001_0028_0025_0073_0073.jpg 1 28 25 73 73
samples\107_2.jpg\0001_0021_0029_0081_0081.jpg 1 21 29 81 81
samples\1083_0.jpg\0001_0231_0634_0806_0806.jpg 1 231 634 806 806
samples\1083_2.jpg\0001_0037_0090_0147_0147.jpg 1 37 90 147 147
samples\1084_0.jpg\0001_0056_0061_0147_0147.jpg 1 56 61 147 147
samples\1084_2.jpg\0001_0033_0093_0132_0132.jpg 1 33 93 132 132
samples\1087_0.jpg\0001_0027_0029_0081_0081.jpg 1 27 29 81 81
samples\1087_2.jpg\0001_0028_0025_0073_0073.jpg 1 28 25 73 73
samples\1088_0.jpg\0001_0037_0090_0147_0147.jpg 1 37 90 147 147
samples\1088_2.jpg\0001_0056_0061_0147_0147.jpg 1 56 61 147 147
samples\1089_0.jpg\0001_0013_0031_0066_0066.jpg 1 13 31 66 66
samples\1089_2.jpg\0001_0018_0029_0081_0081.jpg 1 18 29 81 81
samples\108_0.jpg\0001_0056_0061_0147_0147.jpg 1 56 61 147 147
samples\108_2.jpg\0001_0028_0023_0070_0070.jpg 1 28 23 70 70
samples\1090_0.jpg\0001_0028_0025_0073_0073.jpg 1 28 25 73 73
samples\1090_2.jpg\0001_0214_0177_0250_0250.jpg 1 214 177 250 250
samples\1092_0.jpg\0001_0113_0076_0114_0114.jpg 1 113 76 114 114
samples\1092_2.jpg\0001_0214_0177_0250_0250.jpg 1 214 177 250 250
samples\1094_0.jpg\0001_0118_0067_0104_0104.jpg 1 118 67 104 104
samples\1094_2.jpg\0001_0360_0247_0344_0344.jpg 1 360 247 344 344
samples\1095_0.jpg\0001_0214_0177_0250_0250.jpg 1 214 177 250 250
samples\1095_2.jpg\0001_0214_0177_0250_0250.jpg 1 214 177 250 250
samples\1098_0.jpg\0001_0106_0086_0127_0127.jpg 1 106 86 127 127
samples\1098_2.jpg\0001_0048_0104_0104_0104.jpg 1 48 104 104 104
samples\1099_0.jpg\0001_0126_0300_0250_0250.jpg 1 126 300 250 250
samples\1099_2.jpg\0001_0113_0076_0114_0114.jpg 1 113 76 114 114
samples\109_0.jpg\0001_0214_0177_0250_0250.jpg 1 214 177 250 250
samples\109_2.jpg\0001_0113_0076_0114_0114.jpg 1 113 76 114 114
samples\10_0.jpg\0001_0095_0086_0128_0128.jpg 1 95 86 128 128
samples\10_2.jpg\0001_0105_0086_0128_0128.jpg 1 105 86 128 128
samples\1100_0.jpg\0001_0105_0086_0128_0128.jpg 1 105 86 128 128
samples\1100_2.jpg\0001_0113_0074_0113_0113.jpg 1 113 74 113 113
samples\1101_0.jpg\0001_0214_0177_0250_0250.jpg 1 214 177 250 250
samples\1101_2.jpg\0001_0115_0072_0109_0109.jpg 1 115 72 109 109
samples\1104_0.jpg\0001_0113_0076_0114_0114.jpg 1 113 76 114 114
samples\1104_2.jpg\0001_0113_0076_0114_0114.jpg 1 113 76 114 114
samples\1105_0.jpg\0001_0113_0076_0114_0114.jpg 1 113 76 114 114
samples\1105_2.jpg\0001_0105_0086_0128_0128.jpg 1 105 86 128 128
samples\1107_0.jpg\0001_0039_0117_0087_0087.jpg 1 39 117 87 87
samples\1107_2.jpg\0001_0214_0177_0250_0250.jpg 1 214 177 250 250
samples\1109_0.jpg\0001_0214_0177_0250_0250.jpg 1 214 177 250 250
samples\1109_2.jpg\0001_0105_0086_0128_0128.jpg 1 105 86 128 128
samples\110_0.jpg\0001_0113_0074_0113_0113.jpg 1 113 74 113 113
samples\110_2.jpg\0001_0214_0177_0250_0250.jpg 1 214 177 250 250
samples\1110_0.jpg\0001_0039_0117_0087_0087.jpg 1 39 117 87 87
samples\1110_2.jpg\0001_0053_0116_0031_0031.jpg 1 53 116 31 31
samples\1113_0.jpg\0001_0072_0336_0038_0038.jpg 1 72 336 38 38
samples\1113_2.jpg\0001_0111_0245_0040_0040.jpg 1 111 245 40 40
samples\1114_0.jpg\0001_0053_0096_0030_0030.jpg 1 53 96 30 30
samples\1114_2.jpg\0001_0505_2313_0128_0128.jpg 1 505 2313 128 128
samples\1115_0.jpg\0001_0053_0116_0031_0031.jpg 1 53 116 31 31
samples\1115_2.jpg\0001_0053_0116_0031_0031.jpg 1 53 116 31 31
samples\1118_0.jpg\0001_0053_0116_0031_0031.jpg 1 53 116 31 31
samples\1118_2.jpg\0001_0026_0117_0029_0029.jpg 1 26 117 29 29
samples\1119_0.jpg\0001_0053_0102_0030_0030.jpg 1 53 102 30 30
samples\1119_2.jpg\0001_0111_0245_0040_0040.jpg 1 111 245 40 40
samples\111_0.jpg\0001_0053_0116_0031_0031.jpg 1 53 116 31 31
samples\111_2.jpg\0001_0024_0118_0028_0028.jpg 1 24 118 28 28
samples\1120_0.jpg\0001_0111_0245_0040_0040.jpg 1 111 245 40 40
samples\1120_2.jpg\0001_0053_0102_0030_0030.jpg 1 53 102 30 30
samples\1122_0.jpg\0001_0111_0245_0040_0040.jpg 1 111 245 40 40
samples\1122_2.jpg\0001_0154_0049_0072_0072.jpg 1 154 49 72 72
samples\1123_0.jpg\0001_0154_0049_0071_0071.jpg 1 154 49 71 71
samples\1123_2.jpg\0001_0154_0049_0071_0071.jpg 1 154 49 71 71
samples\1124_0.jpg\0001_0155_0048_0070_0070.jpg 1 155 48 70 70
samples\1124_2.jpg\0001_0150_0055_0078_0078.jpg 1 150 55 78 78
samples\1126_0.jpg\0001_0154_0049_0071_0071.jpg 1 154 49 71 71
samples\1126_2.jpg\0001_0154_0049_0071_0071.jpg 1 154 49 71 71
samples\1128_0.jpg\0001_0150_0055_0078_0078.jpg 1 150 55 78 78
samples\1128_2.jpg\0001_0063_0063_0057_0057.jpg 1 63 63 57 57
samples\1129_0.jpg\0001_0063_0063_0057_0057.jpg 1 63 63 57 57
samples\1129_2.jpg\0001_0050_0066_0049_0049.jpg 1 50 66 49 49
samples\112_0.jpg\0001_0138_0055_0078_0078.jpg 1 138 55 78 78
samples\112_2.jpg\0001_0150_0055_0078_0078.jpg 1 150 55 78 78
samples\1130_0.jpg\0001_0154_0049_0071_0071.jpg 1 154 49 71 71
samples\1130_2.jpg\0001_0155_0048_0070_0070.jpg 1 155 48 70 70
samples\1131_0.jpg\0001_0154_0049_0071_0071.jpg 1 154 49 71 71
samples\1131_2.jpg\0001_0157_0043_0066_0066.jpg 1 157 43 66 66
samples\1133_0.jpg\0001_0063_0063_0057_0057.jpg 1 63 63 57 57
samples\1133_2.jpg\0001_0150_0055_0078_0078.jpg 1 150 55 78 78
samples\1137_0.jpg\0001_0150_0055_0078_0078.jpg 1 150 55 78 78
samples\1137_2.jpg\0001_0150_0055_0078_0078.jpg 1 150 55 78 78
samples\1138_0.jpg\0001_0100_0055_0078_0078.jpg 1 100 55 78 78
samples\1138_2.jpg\0001_0154_0049_0071_0071.jpg 1 154 49 71 71
samples\113_0.jpg\0001_0309_0116_0142_0142.jpg 1 309 116 142 142
samples\113_2.jpg\0001_0154_0049_0071_0071.jpg 1 154 49 71 71
samples\1142_0.jpg\0001_0154_0049_0071_0071.jpg 1 154 49 71 71
samples\1142_2.jpg\0001_0064_0063_0057_0057.jpg 1 64 63 57 57
samples\1143_0.jpg\0001_0154_0049_0071_0071.jpg 1 154 49 71 71
samples\1143_2.jpg\0001_0150_0055_0078_0078.jpg 1 150 55 78 78
samples\1145_0.jpg\0001_0158_0043_0065_0065.jpg 1 158 43 65 65
samples\1145_2.jpg\0001_0154_0049_0071_0071.jpg 1 154 49 71 71
samples\1146_0.jpg\0001_0150_0055_0078_0078.jpg 1 150 55 78 78
samples\1146_2.jpg\0001_0120_0055_0078_0078.jpg 1 120 55 78 78
samples\1148_0.jpg\0001_0075_0060_0064_0064.jpg 1 75 60 64 64
samples\1148_2.jpg\0001_0051_0066_0049_0049.jpg 1 51 66 49 49
samples\1149_0.jpg\0001_0055_0012_0106_0106.jpg 1 55 12 106 106
samples\1149_2.jpg\0001_0122_0024_0192_0192.jpg 1 122 24 192 192
samples\114_0.jpg\0001_0101_0031_0245_0245.jpg 1 101 31 245 245
samples\114_2.jpg\0001_0053_0013_0112_0112.jpg 1 53 13 112 112
samples\1150_0.jpg\0001_0101_0031_0245_0245.jpg 1 101 31 245 245
samples\1150_2.jpg\0001_0053_0013_0112_0112.jpg 1 53 13 112 112
samples\1151_0.jpg\0001_0021_0019_0093_0093.jpg 1 21 19 93 93
samples\1151_2.jpg\0001_0060_0052_0245_0245.jpg 1 60 52 245 245
samples\1157_0.jpg\0001_0023_0018_0104_0104.jpg 1 23 18 104 104
samples\1157_2.jpg\0001_0021_0019_0096_0096.jpg 1 21 19 96 96
samples\115_0.jpg\0001_0053_0013_0111_0111.jpg 1 53 13 111 111
samples\115_2.jpg\0001_0054_0013_0109_0109.jpg 1 54 13 109 109
samples\1160_0.jpg\0001_0027_0016_0116_0116.jpg 1 27 16 116 116
samples\1160_2.jpg\0001_0052_0014_0118_0118.jpg 1 52 14 118 118
samples\1161_0.jpg\0001_0050_0015_0126_0126.jpg 1 50 15 126 126
samples\1161_2.jpg\0001_0101_0031_0245_0245.jpg 1 101 31 245 245
samples\1163_0.jpg\0001_0053_0013_0112_0112.jpg 1 53 13 112 112
samples\1163_2.jpg\0001_0045_0015_0126_0126.jpg 1 45 15 126 126
samples\1166_0.jpg\0001_0050_0015_0126_0126.jpg 1 50 15 126 126
samples\1166_2.jpg\0001_0050_0015_0126_0126.jpg 1 50 15 126 126
samples\1170_0.jpg\0001_0051_0014_0119_0119.jpg 1 51 14 119 119
samples\1170_2.jpg\0001_0101_0031_0245_0245.jpg 1 101 31 245 245
samples\1173_0.jpg\0001_0053_0013_0112_0112.jpg 1 53 13 112 112
samples\1173_2.jpg\0001_0108_0027_0218_0218.jpg 1 108 27 218 218
samples\1175_0.jpg\0001_0024_0018_0104_0104.jpg 1 24 18 104 104
samples\1175_2.jpg\0001_0053_0013_0112_0112.jpg 1 53 13 112 112
samples\1177_0.jpg\0001_0101_0031_0245_0245.jpg 1 101 31 245 245
samples\1177_2.jpg\0001_0053_0013_0112_0112.jpg 1 53 13 112 112
samples\1178_0.jpg\0001_0101_0031_0245_0245.jpg 1 101 31 245 245
samples\1178_2.jpg\0001_0029_0015_0126_0126.jpg 1 29 15 126 126
samples\1179_0.jpg\0001_0025_0017_0111_0111.jpg 1 25 17 111 111
samples\1179_2.jpg\0001_0146_0152_0029_0029.jpg 1 146 152 29 29
samples\117_0.jpg\0001_0156_0152_0029_0029.jpg 1 156 152 29 29
samples\117_2.jpg\0001_0105_0153_0027_0027.jpg 1 105 153 27 27
samples\1180_0.jpg\0001_0201_0152_0029_0029.jpg 1 201 152 29 29
samples\1180_2.jpg\0001_0202_0152_0029_0029.jpg 1 202 152 29 29
samples\1181_0.jpg\0001_0420_0320_0035_0035.jpg 1 420 320 35 35
samples\1181_2.jpg\0001_0308_0435_0035_0035.jpg 1 308 435 35 35
samples\1182_0.jpg\0001_0202_0133_0028_0028.jpg 1 202 133 28 28
samples\1182_2.jpg\0001_0420_0320_0035_0035.jpg 1 420 320 35 35
samples\1185_0.jpg\0001_0420_0320_0035_0035.jpg 1 420 320 35 35
samples\1185_2.jpg\0001_0202_0133_0028_0028.jpg 1 202 133 28 28
samples\1186_0.jpg\0001_1910_3008_0097_0097.jpg 1 1910 3008 97 97
samples\1186_2.jpg\0001_0183_0152_0029_0029.jpg 1 183 152 29 29
samples\1187_0.jpg\0001_0420_0282_0034_0034.jpg 1 420 282 34 34
samples\1187_2.jpg\0001_0202_0150_0029_0029.jpg 1 202 150 29 29
samples\118_0.jpg\0001_0420_0320_0035_0035.jpg 1 420 320 35 35
samples\118_2.jpg\0001_0080_0083_0076_0076.jpg 1 80 83 76 76
samples\1194_0.jpg\0001_0166_0174_0137_0137.jpg 1 166 174 137 137
samples\1194_2.jpg\0001_0080_0083_0076_0076.jpg 1 80 83 76 76
samples\1196_0.jpg\0001_0166_0174_0137_0137.jpg 1 166 174 137 137
samples\1196_2.jpg\0001_0083_0068_0066_0066.jpg 1 83 68 66 66
samples\119_0.jpg\0001_0080_0083_0076_0076.jpg 1 80 83 76 76
samples\119_2.jpg\0001_0082_0073_0069_0069.jpg 1 82 73 69 69
samples\1202_0.jpg\0001_0695_1793_0743_0743.jpg 1 695 1793 743 743
samples\1202_2.jpg\0001_0082_0073_0069_0069.jpg 1 82 73 69 69
samples\1204_0.jpg\0001_0082_0073_0069_0069.jpg 1 82 73 69 69
samples\1204_2.jpg\0001_0084_0064_0063_0063.jpg 1 84 64 63 63
samples\1205_0.jpg\0001_0166_0174_0137_0137.jpg 1 166 174 137 137
samples\1205_2.jpg\0001_0082_0073_0069_0069.jpg 1 82 73 69 69
samples\1208_0.jpg\0001_0082_0073_0069_0069.jpg 1 82 73 69 69
samples\1208_2.jpg\0001_0082_0073_0069_0069.jpg 1 82 73 69 69
samples\1209_0.jpg\0001_0166_0174_0137_0137.jpg 1 166 174 137 137
samples\1209_2.jpg\0001_0695_1793_0743_0743.jpg 1 695 1793 743 743
samples\1210_0.jpg\0001_0136_0034_0123_0123.jpg 1 136 34 123 123
samples\1210_2.jpg\0001_0151_0034_0122_0122.jpg 1 151 34 122 122
samples\1211_0.jpg\0001_0160_0030_0110_0110.jpg 1 160 30 110 110
samples\1211_2.jpg\0001_0160_0030_0110_0110.jpg 1 160 30 110 110
samples\1215_0.jpg\0001_0160_0030_0110_0110.jpg 1 160 30 110 110
samples\1215_2.jpg\0001_0161_0029_0109_0109.jpg 1 161 29 109 109
samples\1218_0.jpg\0001_0155_0032_0117_0117.jpg 1 155 32 117 117
samples\1218_2.jpg\0001_0065_0043_0094_0094.jpg 1 65 43 94 94
samples\1219_0.jpg\0001_0069_0041_0100_0100.jpg 1 69 41 100 100
samples\1219_2.jpg\0001_0160_0030_0110_0110.jpg 1 160 30 110 110
samples\121_0.jpg\0001_0160_0030_0111_0111.jpg 1 160 30 111 111
samples\121_2.jpg\0001_2210_0431_1389_1389.jpg 1 2210 431 1389 1389
samples\1220_0.jpg\0001_0053_0189_0025_0025.jpg 1 53 189 25 25
samples\1220_2.jpg\0001_0053_0189_0025_0025.jpg 1 53 189 25 25
samples\1223_0.jpg\0001_0117_0188_0027_0027.jpg 1 117 188 27 27
samples\1223_2.jpg\0001_0118_0175_0026_0026.jpg 1 118 175 26 26
samples\1227_0.jpg\0001_0053_0189_0025_0025.jpg 1 53 189 25 25
samples\1227_2.jpg\0001_0181_0538_0030_0030.jpg 1 181 538 30 30
samples\1229_0.jpg\0001_0117_0188_0027_0027.jpg 1 117 188 27 27
samples\1229_2.jpg\0001_0118_0165_0026_0026.jpg 1 118 165 26 26
samples\1231_0.jpg\0001_0085_0188_0027_0027.jpg 1 85 188 27 27
samples\1231_2.jpg\0001_0181_0538_0030_0030.jpg 1 181 538 30 30
samples\1232_0.jpg\0001_0049_0189_0025_0025.jpg 1 49 189 25 25
samples\1232_2.jpg\0001_0118_0165_0026_0026.jpg 1 118 165 26 26
samples\1233_0.jpg\0001_0245_0397_0030_0030.jpg 1 245 397 30 30
samples\1233_2.jpg\0001_0118_0165_0026_0026.jpg 1 118 165 26 26
samples\1234_0.jpg\0001_0062_0188_0026_0026.jpg 1 62 188 26 26
samples\1234_2.jpg\0001_0053_0189_0025_0025.jpg 1 53 189 25 25
samples\1241_0.jpg\0001_0118_0165_0026_0026.jpg 1 118 165 26 26
samples\1241_2.jpg\0001_0245_0397_0030_0030.jpg 1 245 397 30 30
samples\1242_0.jpg\0001_0118_0164_0026_0026.jpg 1 118 164 26 26
samples\1242_2.jpg\0001_0117_0188_0027_0027.jpg 1 117 188 27 27
samples\1243_0.jpg\0001_0245_0397_0030_0030.jpg 1 245 397 30 30
samples\1243_2.jpg\0001_0117_0188_0027_0027.jpg 1 117 188 27 27
samples\1244_0.jpg\0001_0085_0188_0027_0027.jpg 1 85 188 27 27
samples\1244_2.jpg\0001_0117_0186_0027_0027.jpg 1 117 186 27 27
samples\1251_0.jpg\0001_0118_0165_0026_0026.jpg 1 118 165 26 26
samples\1251_2.jpg\0001_0085_0188_0027_0027.jpg 1 85 188 27 27
samples\1252_0.jpg\0001_0426_0233_0132_0132.jpg 1 426 233 132 132
samples\1252_2.jpg\0001_0426_0233_0132_0132.jpg 1 426 233 132 132
samples\1253_0.jpg\0001_0426_0233_0132_0132.jpg 1 426 233 132 132
samples\1253_2.jpg\0001_0212_0097_0067_0067.jpg 1 212 97 67 67
samples\1254_0.jpg\0001_0211_0100_0068_0068.jpg 1 211 100 68 68
samples\1254_2.jpg\0001_0257_0349_0119_0119.jpg 1 257 349 119 119
samples\1255_0.jpg\0001_0101_0121_0059_0059.jpg 1 101 121 59 59
samples\1255_2.jpg\0001_0426_0233_0132_0132.jpg 1 426 233 132 132
samples\1256_0.jpg\0001_0190_0111_0074_0074.jpg 1 190 111 74 74
samples\1256_2.jpg\0001_0139_0111_0074_0074.jpg 1 139 111 74 74
samples\1259_0.jpg\0001_0088_0124_0054_0054.jpg 1 88 124 54 54
samples\1259_2.jpg\0001_0426_0233_0132_0132.jpg 1 426 233 132 132
samples\125_0.jpg\0001_0206_0111_0074_0074.jpg 1 206 111 74 74
samples\125_2.jpg\0001_0213_0096_0066_0066.jpg 1 213 96 66 66
samples\1260_0.jpg\0001_0426_0233_0132_0132.jpg 1 426 233 132 132
samples\1260_2.jpg\0001_0206_0111_0074_0074.jpg 1 206 111 74 74
samples\1263_0.jpg\0001_0202_0182_0098_0098.jpg 1 202 182 98 98
samples\1263_2.jpg\0001_0426_0233_0132_0132.jpg 1 426 233 132 132
samples\1264_0.jpg\0001_2986_1432_0712_0712.jpg 1 2986 1432 712 712
samples\1264_2.jpg\0001_0100_0048_0108_0108.jpg 1 100 48 108 108
samples\1265_0.jpg\0001_0036_0071_0083_0083.jpg 1 36 71 83 83
samples\1265_2.jpg\0001_0036_0071_0083_0083.jpg 1 36 71 83 83
samples\1266_0.jpg\0001_0100_0048_0108_0108.jpg 1 100 48 108 108
samples\1266_2.jpg\0001_0094_0054_0121_0121.jpg 1 94 54 121 121
samples\126_0.jpg\0001_0036_0071_0083_0083.jpg 1 36 71 83 83
samples\126_2.jpg\0001_0056_0054_0121_0121.jpg 1 56 54 121 121
samples\1270_0.jpg\0001_0044_0065_0098_0098.jpg 1 44 65 98 98
samples\1270_2.jpg\0001_0100_0048_0108_0108.jpg 1 100 48 108 108
samples\1272_0.jpg\0001_0100_0048_0108_0108.jpg 1 100 48 108 108
samples\1272_2.jpg\0001_0094_0054_0120_0120.jpg 1 94 54 120 120
samples\1273_0.jpg\0001_0192_0112_0235_0235.jpg 1 192 112 235 235
samples\1273_2.jpg\0001_0192_0112_0235_0235.jpg 1 192 112 235 235
samples\1275_0.jpg\0001_0094_0054_0121_0121.jpg 1 94 54 121 121
samples\1275_2.jpg\0001_0116_0185_0235_0235.jpg 1 116 185 235 235
samples\127_0.jpg\0001_0094_0054_0121_0121.jpg 1 94 54 121 121
samples\127_2.jpg\0001_0100_0048_0108_0108.jpg 1 100 48 108 108
samples\1280_0.jpg\0001_0094_0054_0121_0121.jpg 1 94 54 121 121
samples\1280_2.jpg\0001_0094_0054_0121_0121.jpg 1 94 54 121 121
samples\1283_0.jpg\0001_0096_0052_0117_0117.jpg 1 96 52 117 117
samples\1283_2.jpg\0001_0048_0061_0106_0106.jpg 1 48 61 106 106
samples\1289_0.jpg\0001_0094_0054_0121_0121.jpg 1 94 54 121 121
samples\1289_2.jpg\0001_0101_0047_0107_0107.jpg 1 101 47 107 107
samples\1290_0.jpg\0001_1384_0682_1358_1358.jpg 1 1384 682 1358 1358
samples\1290_2.jpg\0001_0016_0053_0024_0024.jpg 1 16 53 24 24
samples\1291_0.jpg\0001_0032_0053_0024_0024.jpg 1 32 53 24 24
samples\1291_2.jpg\0001_0032_0045_0024_0024.jpg 1 32 45 24 24
samples\1293_0.jpg\0001_0021_0053_0024_0024.jpg 1 21 53 24 24
samples\1293_2.jpg\0001_0017_0053_0024_0024.jpg 1 17 53 24 24
samples\1294_0.jpg\0001_0032_0037_0024_0024.jpg 1 32 37 24 24
samples\1294_2.jpg\0001_0032_0046_0024_0024.jpg 1 32 46 24 24
samples\1298_0.jpg\0001_0068_0111_0025_0025.jpg 1 68 111 25 25
samples\1298_2.jpg\0001_0068_0111_0025_0025.jpg 1 68 111 25 25
samples\129_0.jpg\0001_0032_0053_0024_0024.jpg 1 32 53 24 24
samples\129_2.jpg\0001_0032_0045_0024_0024.jpg 1 32 45 24 24
samples\12_0.jpg\0001_0032_0053_0024_0024.jpg 1 32 53 24 24
samples\12_2.jpg\0001_0032_0046_0024_0024.jpg 1 32 46 24 24
samples\1300_0.jpg\0001_0032_0043_0024_0024.jpg 1 32 43 24 24
samples\1300_2.jpg\0001_0014_0053_0024_0024.jpg 1 14 53 24 24
samples\1302_0.jpg\0001_0068_0111_0025_0025.jpg 1 68 111 25 25
samples\1302_2.jpg\0001_0032_0052_0024_0024.jpg 1 32 52 24 24
samples\1303_0.jpg\0001_0032_0053_0024_0024.jpg 1 32 53 24 24
samples\1303_2.jpg\0001_0032_0041_0024_0024.jpg 1 32 41 24 24
samples\1304_0.jpg\0001_0068_0111_0025_0025.jpg 1 68 111 25 25
samples\1304_2.jpg\0001_0135_0139_0072_0072.jpg 1 135 139 72 72
samples\1305_0.jpg\0001_0139_0123_0065_0065.jpg 1 139 123 65 65
samples\1305_2.jpg\0001_0137_0132_0069_0069.jpg 1 137 132 69 69
samples\1306_0.jpg\0001_0139_0124_0066_0066.jpg 1 139 124 66 66
samples\1306_2.jpg\0001_0065_0153_0056_0056.jpg 1 65 153 56 56
samples\130_0.jpg\0001_0125_0139_0072_0072.jpg 1 125 139 72 72
samples\130_2.jpg\0001_0192_0426_0128_0128.jpg 1 192 426 128 128
samples\1312_0.jpg\0001_0143_0102_0058_0058.jpg 1 143 102 58 58
samples\1312_2.jpg\0001_0139_0123_0065_0065.jpg 1 139 123 65 65
samples\1313_0.jpg\0001_0287_0259_0115_0115.jpg 1 287 259 115 115
samples\1313_2.jpg\0001_0280_0293_0128_0128.jpg 1 280 293 128 128
samples\1314_0.jpg\0001_0192_0426_0128_0128.jpg 1 192 426 128 128
samples\1314_2.jpg\0001_0453_0411_0171_0171.jpg 1 453 411 171 171
samples\1316_0.jpg\0001_0280_0293_0128_0128.jpg 1 280 293 128 128
samples\1316_2.jpg\0001_0139_0123_0065_0065.jpg 1 139 123 65 65
samples\131_0.jpg\0001_0192_0426_0128_0128.jpg 1 192 426 128 128
samples\131_2.jpg\0001_0139_0123_0065_0065.jpg 1 139 123 65 65
samples\1321_0.jpg\0001_0058_0155_0053_0053.jpg 1 58 155 53 53
samples\1321_2.jpg\0001_0135_0139_0072_0072.jpg 1 135 139 72 72
samples\1322_0.jpg\0001_0280_0293_0128_0128.jpg 1 280 293 128 128
samples\1322_2.jpg\0001_0139_0123_0065_0065.jpg 1 139 123 65 65
samples\1324_0.jpg\0001_0091_0139_0072_0072.jpg 1 91 139 72 72
samples\1324_2.jpg\0001_0139_0123_0065_0065.jpg 1 139 123 65 65
samples\1325_0.jpg\0001_0139_0123_0065_0065.jpg 1 139 123 65 65
samples\1325_2.jpg\0001_0135_0139_0072_0072.jpg 1 135 139 72 72
samples\1328_0.jpg\0001_0135_0139_0072_0072.jpg 1 135 139 72 72
samples\1328_2.jpg\0001_0280_0293_0128_0128.jpg 1 280 293 128 128
samples\1332_0.jpg\0001_0058_0155_0053_0053.jpg 1 58 155 53 53
samples\1332_2.jpg\0001_0139_0123_0065_0065.jpg 1 139 123 65 65
samples\1333_0.jpg\0001_0135_0139_0072_0072.jpg 1 135 139 72 72
samples\1333_2.jpg\0001_0139_0123_0065_0065.jpg 1 139 123 65 65
samples\1334_0.jpg\0001_0076_0129_0195_0195.jpg 1 76 129 195 195
samples\1334_2.jpg\0001_0020_0080_0111_0111.jpg 1 20 80 111 111
samples\1335_0.jpg\0001_0022_0075_0119_0119.jpg 1 22 75 119 119
samples\1335_2.jpg\0001_0075_0155_0230_0230.jpg 1 75 155 230 230
samples\1336_0.jpg\0001_0039_0065_0105_0105.jpg 1 39 65 105 105
samples\1336_2.jpg\0001_0039_0066_0106_0106.jpg 1 39 66 106 106
samples\1337_0.jpg\0001_0036_0075_0119_0119.jpg 1 36 75 119 119
samples\1337_2.jpg\0001_0013_0099_0080_0080.jpg 1 13 99 80 80
samples\1339_0.jpg\0001_0014_0098_0081_0081.jpg 1 14 98 81 81
samples\1339_2.jpg\0001_0036_0075_0119_0119.jpg 1 36 75 119 119
samples\133_0.jpg\0001_0025_0075_0119_0119.jpg 1 25 75 119 119
samples\133_2.jpg\0001_0036_0075_0119_0119.jpg 1 36 75 119 119
samples\1340_0.jpg\0001_0039_0065_0105_0105.jpg 1 39 65 105 105
samples\1340_2.jpg\0001_0039_0066_0106_0106.jpg 1 39 66 106 106
samples\1342_0.jpg\0001_0039_0066_0106_0106.jpg 1 39 66 106 106
samples\1342_2.jpg\0001_0039_0066_0106_0106.jpg 1 39 66 106 106
samples\1347_0.jpg\0001_0014_0098_0081_0081.jpg 1 14 98 81 81
samples\1347_2.jpg\0001_0014_0098_0081_0081.jpg 1 14 98 81 81
samples\134_0.jpg\0001_0037_0074_0118_0118.jpg 1 37 74 118 118
samples\134_2.jpg\0001_0075_0155_0230_0230.jpg 1 75 155 230 230
samples\1351_0.jpg\0001_0011_0107_0067_0067.jpg 1 11 107 67 67
samples\1351_2.jpg\0001_0016_0092_0091_0091.jpg 1 16 92 91 91
samples\1352_0.jpg\0001_0039_0065_0105_0105.jpg 1 39 65 105 105
samples\1352_2.jpg\0001_0022_0075_0119_0119.jpg 1 22 75 119 119
samples\1354_0.jpg\0001_0029_0075_0119_0119.jpg 1 29 75 119 119
samples\1354_2.jpg\0001_0036_0075_0119_0119.jpg 1 36 75 119 119
samples\1356_0.jpg\0001_0039_0066_0106_0106.jpg 1 39 66 106 106
samples\1356_2.jpg\0001_0075_0155_0230_0230.jpg 1 75 155 230 230
samples\1357_0.jpg\0001_0079_0137_0205_0205.jpg 1 79 137 205 205
samples\1357_2.jpg\0001_0075_0155_0230_0230.jpg 1 75 155 230 230
samples\1358_0.jpg\0001_0016_0092_0091_0091.jpg 1 16 92 91 91
samples\1358_2.jpg\0001_0075_0155_0230_0230.jpg 1 75 155 230 230
samples\135_0.jpg\0001_0039_0066_0106_0106.jpg 1 39 66 106 106
samples\135_2.jpg\0001_0095_0030_0166_0166.jpg 1 95 30 166 166
samples\1362_0.jpg\0001_0190_0060_0332_0332.jpg 1 190 60 332 332
samples\1362_2.jpg\0001_0107_0026_0147_0147.jpg 1 107 26 147 147
samples\1363_0.jpg\0001_0190_0060_0332_0332.jpg 1 190 60 332 332
samples\1363_2.jpg\0001_0213_0053_0295_0295.jpg 1 213 53 295 295
samples\1365_0.jpg\0001_0094_0030_0166_0166.jpg 1 94 30 166 166
samples\1365_2.jpg\0001_0190_0060_0332_0332.jpg 1 190 60 332 332
samples\1366_0.jpg\0001_0095_0030_0166_0166.jpg 1 95 30 166 166
samples\1366_2.jpg\0001_0095_0030_0166_0166.jpg 1 95 30 166 166
samples\1367_0.jpg\0001_0104_0027_0151_0151.jpg 1 104 27 151 151
samples\1367_2.jpg\0001_0107_0026_0147_0147.jpg 1 107 26 147 147
samples\1368_0.jpg\0001_1424_0357_1972_1972.jpg 1 1424 357 1972 1972
samples\1368_2.jpg\0001_0030_0053_0110_0110.jpg 1 30 53 110 110
samples\1369_0.jpg\0001_0132_0069_0123_0123.jpg 1 132 69 123 123
samples\1369_2.jpg\0001_0065_0028_0062_0062.jpg 1 65 28 62 62
samples\136_0.jpg\0001_0064_0033_0069_0069.jpg 1 64 33 69 69
samples\136_2.jpg\0001_0064_0033_0069_0069.jpg 1 64 33 69 69
samples\1370_0.jpg\0001_0065_0029_0063_0063.jpg 1 65 29 63 63
samples\1370_2.jpg\0001_0132_0069_0123_0123.jpg 1 132 69 123 123
samples\1371_0.jpg\0001_0132_0069_0123_0123.jpg 1 132 69 123 123
samples\1371_2.jpg\0001_0065_0029_0063_0063.jpg 1 65 29 63 63
samples\1375_0.jpg\0001_0064_0033_0069_0069.jpg 1 64 33 69 69
samples\1375_2.jpg\0001_0059_0033_0069_0069.jpg 1 59 33 69 69
samples\1376_0.jpg\0001_0064_0033_0069_0069.jpg 1 64 33 69 69
samples\1376_2.jpg\0001_0065_0029_0063_0063.jpg 1 65 29 63 63
samples\1377_0.jpg\0001_0065_0029_0063_0063.jpg 1 65 29 63 63
samples\1377_2.jpg\0001_0027_0036_0051_0051.jpg 1 27 36 51 51
samples\1379_0.jpg\0001_0135_0061_0111_0111.jpg 1 135 61 111 111
samples\1379_2.jpg\0001_0065_0029_0063_0063.jpg 1 65 29 63 63
samples\137_0.jpg\0001_0091_0101_0123_0123.jpg 1 91 101 123 123
samples\137_2.jpg\0001_0055_0033_0069_0069.jpg 1 55 33 69 69
samples\1380_0.jpg\0001_0027_0036_0051_0051.jpg 1 27 36 51 51
samples\1380_2.jpg\0001_0065_0029_0063_0063.jpg 1 65 29 63 63
samples\1381_0.jpg\0001_0065_0029_0063_0063.jpg 1 65 29 63 63
samples\1381_2.jpg\0001_0065_0029_0063_0063.jpg 1 65 29 63 63
samples\1383_0.jpg\0001_0065_0028_0063_0063.jpg 1 65 28 63 63
samples\1383_2.jpg\0001_0065_0029_0063_0063.jpg 1 65 29 63 63
samples\1384_0.jpg\0001_0064_0033_0069_0069.jpg 1 64 33 69 69
samples\1384_2.jpg\0001_0065_0029_0063_0063.jpg 1 65 29 63 63
samples\1389_0.jpg\0001_0132_0069_0123_0123.jpg 1 132 69 123 123
samples\1389_2.jpg\0001_0132_0069_0123_0123.jpg 1 132 69 123 123
samples\1390_0.jpg\0001_0065_0029_0063_0063.jpg 1 65 29 63 63
samples\1390_2.jpg\0001_0064_0033_0069_0069.jpg 1 64 33 69 69
samples\1393_0.jpg\0001_0091_0101_0123_0123.jpg 1 91 101 123 123
samples\1393_2.jpg\0001_0150_0084_0103_0103.jpg 1 150 84 103 103
samples\1395_0.jpg\0001_0149_0085_0104_0104.jpg 1 149 85 104 104
samples\1395_2.jpg\0001_0141_0097_0116_0116.jpg 1 141 97 116 116
samples\1396_0.jpg\0001_0088_0097_0116_0116.jpg 1 88 97 116 116
samples\1396_2.jpg\0001_0141_0097_0116_0116.jpg 1 141 97 116 116
samples\1399_0.jpg\0001_0149_0085_0104_0104.jpg 1 149 85 104 104
samples\1399_2.jpg\0001_0152_0080_0100_0100.jpg 1 152 80 100 100
samples\139_0.jpg\0001_0054_0126_0079_0079.jpg 1 54 126 79 79
samples\139_2.jpg\0001_0154_0106_0127_0127.jpg 1 154 106 127 127
samples\13_0.jpg\0001_0287_0199_0225_0225.jpg 1 287 199 225 225
samples\13_2.jpg\0001_0149_0085_0104_0104.jpg 1 149 85 104 104
samples\1400_0.jpg\0001_0149_0085_0104_0104.jpg 1 149 85 104 104
samples\1400_2.jpg\0001_0054_0126_0079_0079.jpg 1 54 126 79 79
samples\1407_0.jpg\0001_0156_0075_0094_0094.jpg 1 156 75 94 94
samples\1407_2.jpg\0001_0141_0097_0116_0116.jpg 1 141 97 116 116
samples\140_0.jpg\0001_0304_0176_0200_0200.jpg 1 304 176 200 200
samples\140_2.jpg\0001_0149_0085_0104_0104.jpg 1 149 85 104 104
samples\1410_0.jpg\0001_0098_0097_0116_0116.jpg 1 98 97 116 116
samples\1410_2.jpg\0001_0141_0097_0116_0116.jpg 1 141 97 116 116
samples\1418_0.jpg\0001_0141_0097_0116_0116.jpg 1 141 97 116 116
samples\1418_2.jpg\0001_0141_0095_0115_0115.jpg 1 141 95 115 115
samples\141_0.jpg\0001_0287_0199_0225_0225.jpg 1 287 199 225 225
samples\141_2.jpg\0001_0176_0324_0225_0225.jpg 1 176 324 225 225
samples\1422_0.jpg\0001_0141_0097_0116_0116.jpg 1 141 97 116 116
samples\1422_2.jpg\0001_0141_0097_0116_0116.jpg 1 141 97 116 116
samples\1423_0.jpg\0001_0149_0085_0104_0104.jpg 1 149 85 104 104
samples\1423_2.jpg\0001_0083_0098_0114_0114.jpg 1 83 98 114 114
samples\1426_0.jpg\0001_0149_0085_0104_0104.jpg 1 149 85 104 104
samples\1426_2.jpg\0001_0148_0086_0105_0105.jpg 1 148 86 105 105
samples\1428_0.jpg\0001_0141_0097_0116_0116.jpg 1 141 97 116 116
samples\1428_2.jpg\0001_0149_0085_0104_0104.jpg 1 149 85 104 104
samples\1429_0.jpg\0001_0081_0101_0111_0111.jpg 1 81 101 111 111
samples\1429_2.jpg\0001_0152_0080_0099_0099.jpg 1 152 80 99 99
samples\142_0.jpg\0001_0068_0111_0097_0097.jpg 1 68 111 97 97
samples\142_2.jpg\0001_0102_0087_0327_0327.jpg 1 102 87 327 327
samples\1431_0.jpg\0001_0057_0038_0145_0145.jpg 1 57 38 145 145
samples\1431_2.jpg\0001_0050_0178_0327_0327.jpg 1 50 178 327 327
samples\1432_0.jpg\0001_0102_0087_0327_0327.jpg 1 102 87 327 327
samples\1432_2.jpg\0001_0016_0075_0108_0108.jpg 1 16 75 108 108
samples\1434_0.jpg\0001_0057_0038_0145_0145.jpg 1 57 38 145 145
samples\1434_2.jpg\0001_0051_0043_0164_0164.jpg 1 51 43 164 164
samples\1436_0.jpg\0001_0051_0043_0164_0164.jpg 1 51 43 164 164
samples\1436_2.jpg\0001_0764_0517_1941_1941.jpg 1 764 517 1941 1941
samples\1438_0.jpg\0001_0052_0042_0160_0160.jpg 1 52 42 160 160
samples\1438_2.jpg\0001_0102_0087_0327_0327.jpg 1 102 87 327 327
samples\1440_0.jpg\0001_0051_0043_0164_0164.jpg 1 51 43 164 164
samples\1440_2.jpg\0001_0050_0178_0327_0327.jpg 1 50 178 327 327
samples\1442_0.jpg\0001_0052_0042_0160_0160.jpg 1 52 42 160 160
samples\1442_2.jpg\0001_0057_0038_0145_0145.jpg 1 57 38 145 145
samples\1444_0.jpg\0001_0057_0038_0145_0145.jpg 1 57 38 145 145
samples\1444_2.jpg\0001_0197_0054_0061_0061.jpg 1 197 54 61 61
samples\1446_0.jpg\0001_0408_0114_0106_0106.jpg 1 408 114 106 106
samples\1446_2.jpg\0001_0194_0061_0066_0066.jpg 1 194 61 66 66
samples\1448_0.jpg\0001_0398_0129_0118_0118.jpg 1 398 129 118 118
samples\1448_2.jpg\0001_0197_0054_0061_0061.jpg 1 197 54 61 61
samples\1449_0.jpg\0001_0193_0061_0067_0067.jpg 1 193 61 67 67
samples\1449_2.jpg\0001_0193_0061_0067_0067.jpg 1 193 61 67 67
samples\1450_0.jpg\0001_0197_0054_0061_0061.jpg 1 197 54 61 61
samples\1450_2.jpg\0001_0132_0061_0067_0067.jpg 1 132 61 67 67
samples\1451_0.jpg\0001_0276_0186_0118_0118.jpg 1 276 186 118 118
samples\1451_2.jpg\0001_0398_0129_0118_0118.jpg 1 398 129 118 118
samples\1453_0.jpg\0001_0197_0054_0061_0061.jpg 1 197 54 61 61
samples\1453_2.jpg\0001_0197_0053_0061_0061.jpg 1 197 53 61 61
samples\1456_0.jpg\0001_0197_0054_0061_0061.jpg 1 197 54 61 61
samples\1456_2.jpg\0001_0193_0061_0067_0067.jpg 1 193 61 67 67
samples\1458_0.jpg\0001_0398_0129_0118_0118.jpg 1 398 129 118 118
samples\1458_2.jpg\0001_0131_0061_0067_0067.jpg 1 131 61 67 67
samples\145_0.jpg\0001_0194_0061_0066_0066.jpg 1 194 61 66 66
samples\145_2.jpg\0001_0145_0061_0067_0067.jpg 1 145 61 67 67
samples\1461_0.jpg\0001_0197_0054_0061_0061.jpg 1 197 54 61 61
samples\1461_2.jpg\0001_0089_0067_0052_0052.jpg 1 89 67 52 52
samples\1464_0.jpg\0001_0276_0186_0118_0118.jpg 1 276 186 118 118
samples\1464_2.jpg\0001_0193_0061_0067_0067.jpg 1 193 61 67 67
samples\1467_0.jpg\0001_0197_0053_0061_0061.jpg 1 197 53 61 61
samples\1467_2.jpg\0001_0197_0054_0061_0061.jpg 1 197 54 61 61
samples\146_0.jpg\0001_0132_0061_0067_0067.jpg 1 132 61 67 67
samples\146_2.jpg\0001_0398_0129_0118_0118.jpg 1 398 129 118 118
samples\1470_0.jpg\0001_0083_0067_0050_0050.jpg 1 83 67 50 50
samples\1470_2.jpg\0001_0083_0067_0050_0050.jpg 1 83 67 50 50
samples\1472_0.jpg\0001_0194_0061_0066_0066.jpg 1 194 61 66 66
samples\1472_2.jpg\0001_0168_0061_0067_0067.jpg 1 168 61 67 67
samples\1476_0.jpg\0001_0398_0129_0118_0118.jpg 1 398 129 118 118
samples\1476_2.jpg\0001_0197_0054_0061_0061.jpg 1 197 54 61 61
samples\1479_0.jpg\0001_0168_0037_0220_0220.jpg 1 168 37 220 220
samples\1479_2.jpg\0001_0082_0018_0113_0113.jpg 1 82 18 113 113
samples\1480_0.jpg\0001_0082_0018_0113_0113.jpg 1 82 18 113 113
samples\1480_2.jpg\0001_0082_0018_0114_0114.jpg 1 82 18 114 114
samples\1483_0.jpg\0001_0087_0016_0102_0102.jpg 1 87 16 102 102
samples\1483_2.jpg\0001_0087_0016_0102_0102.jpg 1 87 16 102 102
samples\1484_0.jpg\0001_0168_0037_0220_0220.jpg 1 168 37 220 220
samples\1484_2.jpg\0001_0032_0023_0078_0078.jpg 1 32 23 78 78
samples\1486_0.jpg\0001_0087_0016_0102_0102.jpg 1 87 16 102 102
samples\1486_2.jpg\0001_0089_0014_0097_0097.jpg 1 89 14 97 97
samples\1488_0.jpg\0001_0082_0018_0114_0114.jpg 1 82 18 114 114
samples\1488_2.jpg\0001_0032_0023_0078_0078.jpg 1 32 23 78 78
samples\1489_0.jpg\0001_0168_0037_0220_0220.jpg 1 168 37 220 220
samples\1489_2.jpg\0001_0032_0023_0078_0078.jpg 1 32 23 78 78
samples\148_0.jpg\0001_0082_0018_0114_0114.jpg 1 82 18 114 114
samples\148_2.jpg\0001_0090_0014_0095_0095.jpg 1 90 14 95 95
samples\1495_0.jpg\0001_0168_0037_0220_0220.jpg 1 168 37 220 220
samples\1495_2.jpg\0001_0168_0037_0220_0220.jpg 1 168 37 220 220
samples\1499_0.jpg\0001_0168_0037_0220_0220.jpg 1 168 37 220 220
samples\1499_2.jpg\0001_0087_0015_0101_0101.jpg 1 87 15 101 101
samples\14_0.jpg\0001_0087_0016_0102_0102.jpg 1 87 16 102 102
samples\14_2.jpg\0001_0086_0016_0103_0103.jpg 1 86 16 103 103
samples\1500_0.jpg\0001_0052_0018_0114_0114.jpg 1 52 18 114 114
samples\1500_2.jpg\0001_0087_0016_0102_0102.jpg 1 87 16 102 102
samples\1502_0.jpg\0001_0168_0037_0220_0220.jpg 1 168 37 220 220
samples\1502_2.jpg\0001_0035_0022_0085_0085.jpg 1 35 22 85 85
samples\1504_0.jpg\0001_0168_0037_0220_0220.jpg 1 168 37 220 220
samples\1504_2.jpg\0001_0168_0037_0220_0220.jpg 1 168 37 220 220
samples\1506_0.jpg\0001_0032_0023_0078_0078.jpg 1 32 23 78 78
samples\1506_2.jpg\0001_0082_0018_0114_0114.jpg 1 82 18 114 114
samples\1508_0.jpg\0001_0087_0015_0101_0101.jpg 1 87 15 101 101
samples\1508_2.jpg\0001_0132_0057_0161_0161.jpg 1 132 57 161 161
samples\1509_0.jpg\0001_0043_0097_0107_0107.jpg 1 43 97 107 107
samples\1509_2.jpg\0001_0166_0043_0121_0121.jpg 1 166 43 121 121
samples\150_0.jpg\0001_0296_0102_0286_0286.jpg 1 296 102 286 286
samples\150_2.jpg\0001_0148_0051_0143_0143.jpg 1 148 51 143 143
samples\1510_0.jpg\0001_0132_0233_0322_0322.jpg 1 132 233 322 322
samples\1510_2.jpg\0001_0265_0115_0322_0322.jpg 1 265 115 322 322
samples\1511_0.jpg\0001_0117_0057_0161_0161.jpg 1 117 57 161 161
samples\1511_2.jpg\0001_0133_0057_0160_0160.jpg 1 133 57 160 160
samples\1512_0.jpg\0001_1976_0688_1909_1909.jpg 1 1976 688 1909 1909
samples\1512_2.jpg\0001_0156_0046_0133_0133.jpg 1 156 46 133 133
samples\1514_0.jpg\0001_0265_0115_0322_0322.jpg 1 265 115 322 322
samples\1514_2.jpg\0001_0132_0057_0161_0161.jpg 1 132 57 161 161
samples\1518_0.jpg\0001_0149_0050_0141_0141.jpg 1 149 50 141 141
samples\1518_2.jpg\0001_0132_0057_0161_0161.jpg 1 132 57 161 161
samples\1519_0.jpg\0001_0043_0096_0108_0108.jpg 1 43 96 108 108
samples\1519_2.jpg\0001_0052_0099_0048_0048.jpg 1 52 99 48 48
samples\151_0.jpg\0001_0123_0080_0059_0059.jpg 1 123 80 59 59
samples\151_2.jpg\0001_0120_0091_0065_0065.jpg 1 120 91 65 65
samples\1520_0.jpg\0001_0052_0099_0048_0048.jpg 1 52 99 48 48
samples\1520_2.jpg\0001_0060_0097_0053_0053.jpg 1 60 97 53 53
samples\1522_0.jpg\0001_0120_0091_0065_0065.jpg 1 120 91 65 65
samples\1522_2.jpg\0001_0111_0091_0065_0065.jpg 1 111 91 65 65
samples\1523_0.jpg\0001_0123_0080_0059_0059.jpg 1 123 80 59 59
samples\1523_2.jpg\0001_0120_0091_0065_0065.jpg 1 120 91 65 65
samples\1526_0.jpg\0001_0248_0190_0113_0113.jpg 1 248 190 113 113
samples\1526_2.jpg\0001_0123_0080_0059_0059.jpg 1 123 80 59 59
samples\1527_0.jpg\0001_0248_0190_0113_0113.jpg 1 248 190 113 113
samples\1527_2.jpg\0001_0120_0091_0065_0065.jpg 1 120 91 65 65
samples\1529_0.jpg\0001_0248_0190_0113_0113.jpg 1 248 190 113 113
samples\1529_2.jpg\0001_0248_0190_0113_0113.jpg 1 248 190 113 113
samples\1530_0.jpg\0001_0123_0080_0059_0059.jpg 1 123 80 59 59
samples\1530_2.jpg\0001_0248_0190_0113_0113.jpg 1 248 190 113 113
samples\1531_0.jpg\0001_0120_0091_0065_0065.jpg 1 120 91 65 65
samples\1531_2.jpg\0001_0248_0190_0113_0113.jpg 1 248 190 113 113
samples\1532_0.jpg\0001_0123_0080_0059_0059.jpg 1 123 80 59 59
samples\1532_2.jpg\0001_0120_0091_0065_0065.jpg 1 120 91 65 65
samples\1534_0.jpg\0001_0248_0190_0113_0113.jpg 1 248 190 113 113
samples\1534_2.jpg\0001_0254_0168_0102_0102.jpg 1 254 168 102 102
samples\1536_0.jpg\0001_0068_0095_0057_0057.jpg 1 68 95 57 57
samples\1536_2.jpg\0001_0248_0190_0113_0113.jpg 1 248 190 113 113
samples\1538_0.jpg\0001_0123_0080_0059_0059.jpg 1 123 80 59 59
samples\1538_2.jpg\0001_0119_0091_0065_0065.jpg 1 119 91 65 65
samples\153_0.jpg\0001_0248_0190_0113_0113.jpg 1 248 190 113 113
samples\153_2.jpg\0001_0120_0091_0065_0065.jpg 1 120 91 65 65
samples\1540_0.jpg\0001_0048_0072_0192_0192.jpg 1 48 72 192 192
samples\1540_2.jpg\0001_0028_0130_0215_0215.jpg 1 28 130 215 215
samples\1542_0.jpg\0001_0023_0034_0100_0100.jpg 1 23 34 100 100
samples\1542_2.jpg\0001_0023_0034_0100_0100.jpg 1 23 34 100 100
samples\1544_0.jpg\0001_0023_0034_0100_0100.jpg 1 23 34 100 100
samples\1544_2.jpg\0001_0023_0034_0100_0100.jpg 1 23 34 100 100
samples\1546_0.jpg\0001_0023_0034_0100_0100.jpg 1 23 34 100 100
samples\1546_2.jpg\0001_0022_0039_0112_0112.jpg 1 22 39 112 112
samples\1548_0.jpg\0001_0008_0050_0077_0077.jpg 1 8 50 77 77
samples\1548_2.jpg\0001_0028_0130_0215_0215.jpg 1 28 130 215 215
samples\154_0.jpg\0001_0023_0034_0100_0100.jpg 1 23 34 100 100
samples\154_2.jpg\0001_0014_0039_0112_0112.jpg 1 14 39 112 112
samples\1553_0.jpg\0001_0028_0130_0215_0215.jpg 1 28 130 215 215
samples\1553_2.jpg\0001_0024_0034_0099_0099.jpg 1 24 34 99 99
samples\1554_0.jpg\0001_0010_0047_0086_0086.jpg 1 10 47 86 86
samples\1554_2.jpg\0001_0028_0130_0215_0215.jpg 1 28 130 215 215
samples\1555_0.jpg\0001_0046_0081_0215_0215.jpg 1 46 81 215 215
samples\1555_2.jpg\0001_0009_0050_0077_0077.jpg 1 9 50 77 77
samples\1556_0.jpg\0001_0008_0050_0077_0077.jpg 1 8 50 77 77
samples\1556_2.jpg\0001_0010_0047_0086_0086.jpg 1 10 47 86 86
samples\1558_0.jpg\0001_0015_0039_0112_0112.jpg 1 15 39 112 112
samples\1558_2.jpg\0001_0008_0050_0077_0077.jpg 1 8 50 77 77
samples\155_0.jpg\0001_0116_0208_0524_0524.jpg 1 116 208 524 524
samples\155_2.jpg\0001_0022_0039_0112_0112.jpg 1 22 39 112 112
samples\1560_0.jpg\0001_0022_0039_0112_0112.jpg 1 22 39 112 112
samples\1560_2.jpg\0001_0023_0034_0100_0100.jpg 1 23 34 100 100
samples\1562_0.jpg\0001_0046_0081_0215_0215.jpg 1 46 81 215 215
samples\1562_2.jpg\0001_0022_0039_0112_0112.jpg 1 22 39 112 112
samples\1564_0.jpg\0001_0175_0145_0317_0317.jpg 1 175 145 317 317
samples\1564_2.jpg\0001_0028_0119_0106_0106.jpg 1 28 119 106 106
samples\1567_0.jpg\0001_0097_0064_0141_0141.jpg 1 97 64 141 141
samples\1567_2.jpg\0001_0045_0072_0159_0159.jpg 1 45 72 159 159
samples\1569_0.jpg\0001_0087_0072_0159_0159.jpg 1 87 72 159 159
samples\1569_2.jpg\0001_0094_0067_0147_0147.jpg 1 94 67 147 147
samples\1570_0.jpg\0001_0195_0128_0282_0282.jpg 1 195 128 282 282
samples\1570_2.jpg\0001_0097_0064_0141_0141.jpg 1 97 64 141 141
samples\1571_0.jpg\0001_0077_0072_0159_0159.jpg 1 77 72 159 159
samples\1571_2.jpg\0001_0087_0072_0159_0159.jpg 1 87 72 159 159
samples\1572_0.jpg\0001_0440_0365_0792_0792.jpg 1 440 365 792 792
samples\1572_2.jpg\0001_0175_0145_0317_0317.jpg 1 175 145 317 317
samples\1575_0.jpg\0001_0028_0120_0105_0105.jpg 1 28 120 105 105
samples\1575_2.jpg\0001_0032_0111_0116_0116.jpg 1 32 111 116 116
samples\1576_0.jpg\0001_0028_0119_0106_0106.jpg 1 28 119 106 106
samples\1576_2.jpg\0001_0175_0145_0317_0317.jpg 1 175 145 317 317
samples\1577_0.jpg\0001_0097_0064_0141_0141.jpg 1 97 64 141 141
samples\1577_2.jpg\0001_0097_0064_0141_0141.jpg 1 97 64 141 141
samples\1579_0.jpg\0001_0087_0072_0159_0159.jpg 1 87 72 159 159
samples\1579_2.jpg\0001_0028_0119_0106_0106.jpg 1 28 119 106 106
samples\1580_0.jpg\0001_0043_0073_0158_0158.jpg 1 43 73 158 158
samples\1580_2.jpg\0001_0087_0072_0159_0159.jpg 1 87 72 159 159
samples\1581_0.jpg\0001_0195_0128_0282_0282.jpg 1 195 128 282 282
samples\1581_2.jpg\0001_0028_0119_0106_0106.jpg 1 28 119 106 106
samples\1583_0.jpg\0001_0028_0119_0106_0106.jpg 1 28 119 106 106
samples\1583_2.jpg\0001_0097_0064_0141_0141.jpg 1 97 64 141 141
samples\1584_0.jpg\0001_0028_0119_0106_0106.jpg 1 28 119 106 106
samples\1584_2.jpg\0001_0028_0119_0106_0106.jpg 1 28 119 106 106
samples\1586_0.jpg\0001_0087_0072_0159_0159.jpg 1 87 72 159 159
samples\1586_2.jpg\0001_0047_0109_0058_0058.jpg 1 47 109 58 58
samples\1589_0.jpg\0001_0024_0128_0052_0052.jpg 1 24 128 52 52
samples\1589_2.jpg\0001_0046_0120_0062_0062.jpg 1 46 120 62 62
samples\1590_0.jpg\0001_0067_0363_0108_0108.jpg 1 67 363 108 108
samples\1590_2.jpg\0001_0020_0131_0047_0047.jpg 1 20 131 47 47
samples\1592_0.jpg\0001_0098_0224_0097_0097.jpg 1 98 224 97 97
samples\1592_2.jpg\0001_0046_0121_0062_0062.jpg 1 46 121 62 62
samples\1595_0.jpg\0001_0046_0121_0062_0062.jpg 1 46 121 62 62
samples\1595_2.jpg\0001_0046_0121_0062_0062.jpg 1 46 121 62 62
samples\15_0.jpg\0001_0046_0121_0062_0062.jpg 1 46 121 62 62
samples\15_2.jpg\0001_0047_0106_0057_0057.jpg 1 47 106 57 57
samples\1601_0.jpg\0001_0096_0254_0108_0108.jpg 1 96 254 108 108
samples\1601_2.jpg\0001_0046_0121_0062_0062.jpg 1 46 121 62 62
samples\1605_0.jpg\0001_0047_0106_0057_0057.jpg 1 47 106 57 57
samples\1605_2.jpg\0001_0046_0120_0062_0062.jpg 1 46 120 62 62
samples\160_0.jpg\0001_0047_0107_0058_0058.jpg 1 47 107 58 58
samples\160_2.jpg\0001_0047_0106_0057_0057.jpg 1 47 106 57 57
samples\1612_0.jpg\0001_0067_0363_0108_0108.jpg 1 67 363 108 108
samples\1612_2.jpg\0001_0098_0224_0097_0097.jpg 1 98 224 97 97
samples\1613_0.jpg\0001_0067_0363_0108_0108.jpg 1 67 363 108 108
samples\1613_2.jpg\0001_0047_0106_0057_0057.jpg 1 47 106 57 57
samples\1617_0.jpg\0001_0047_0104_0057_0057.jpg 1 47 104 57 57
samples\1617_2.jpg\0001_0047_0104_0057_0057.jpg 1 47 104 57 57
samples\1618_0.jpg\0001_0024_0127_0053_0053.jpg 1 24 127 53 53
samples\1618_2.jpg\0001_0096_0254_0108_0108.jpg 1 96 254 108 108
samples\1619_0.jpg\0001_0020_0131_0047_0047.jpg 1 20 131 47 47
samples\1619_2.jpg\0001_0047_0114_0060_0060.jpg 1 47 114 60 60
samples\1625_0.jpg\0001_0047_0106_0057_0057.jpg 1 47 106 57 57
samples\1625_2.jpg\0001_0046_0121_0062_0062.jpg 1 46 121 62 62
samples\1627_0.jpg\0001_0047_0106_0057_0057.jpg 1 47 106 57 57
samples\1627_2.jpg\0001_0043_0121_0062_0062.jpg 1 43 121 62 62
samples\1629_0.jpg\0001_0098_0224_0097_0097.jpg 1 98 224 97 97
samples\1629_2.jpg\0001_0136_0054_0098_0098.jpg 1 136 54 98 98
samples\1630_0.jpg\0001_0129_0061_0110_0110.jpg 1 129 61 110 110
samples\1630_2.jpg\0001_0136_0054_0099_0099.jpg 1 136 54 99 99
samples\1632_0.jpg\0001_0136_0054_0098_0098.jpg 1 136 54 98 98
samples\1632_2.jpg\0001_0137_0053_0097_0097.jpg 1 137 53 97 97
samples\1634_0.jpg\0001_0265_0126_0210_0210.jpg 1 265 126 210 210
samples\1634_2.jpg\0001_0129_0061_0110_0110.jpg 1 129 61 110 110
samples\163_0.jpg\0001_0051_0077_0076_0076.jpg 1 51 77 76 76
samples\163_2.jpg\0001_0265_0126_0210_0210.jpg 1 265 126 210 210
samples\1641_0.jpg\0001_0102_0061_0110_0110.jpg 1 102 61 110 110
samples\1641_2.jpg\0001_0074_0064_0102_0102.jpg 1 74 64 102 102
samples\1645_0.jpg\0001_0056_0074_0082_0082.jpg 1 56 74 82 82
samples\1645_2.jpg\0001_0117_0061_0110_0110.jpg 1 117 61 110 110
samples\1647_0.jpg\0001_0136_0054_0098_0098.jpg 1 136 54 98 98
samples\1647_2.jpg\0001_0136_0054_0098_0098.jpg 1 136 54 98 98
samples\1657_0.jpg\0001_0051_0077_0076_0076.jpg 1 51 77 76 76
samples\1657_2.jpg\0001_0136_0054_0098_0098.jpg 1 136 54 98 98
samples\1659_0.jpg\0001_0064_0069_0092_0092.jpg 1 64 69 92 92
samples\1659_2.jpg\0001_0265_0126_0210_0210.jpg 1 265 126 210 210
samples\1660_0.jpg\0001_0136_0054_0098_0098.jpg 1 136 54 98 98
samples\1660_2.jpg\0001_0166_0202_0210_0210.jpg 1 166 202 210 210
samples\1661_0.jpg\0001_0106_0061_0110_0110.jpg 1 106 61 110 110
samples\1661_2.jpg\0001_0265_0126_0210_0210.jpg 1 265 126 210 210
samples\1662_0.jpg\0001_0051_0077_0076_0076.jpg 1 51 77 76 76
samples\1662_2.jpg\0001_0137_0053_0097_0097.jpg 1 137 53 97 97
samples\1669_0.jpg\0001_0137_0053_0097_0097.jpg 1 137 53 97 97
samples\1669_2.jpg\0001_0265_0126_0210_0210.jpg 1 265 126 210 210
samples\1670_0.jpg\0001_0139_0051_0094_0094.jpg 1 139 51 94 94
samples\1670_2.jpg\0001_0140_0050_0093_0093.jpg 1 140 50 93 93
samples\1671_0.jpg\0001_0137_0053_0097_0097.jpg 1 137 53 97 97
samples\1671_2.jpg\0001_0136_0054_0098_0098.jpg 1 136 54 98 98
samples\1674_0.jpg\0001_0136_0054_0098_0098.jpg 1 136 54 98 98
samples\1674_2.jpg\0001_0227_0108_0182_0182.jpg 1 227 108 182 182
samples\1676_0.jpg\0001_0046_0018_0137_0137.jpg 1 46 18 137 137
samples\1676_2.jpg\0001_0045_0019_0139_0139.jpg 1 45 19 139 139
samples\1677_0.jpg\0001_0045_0019_0139_0139.jpg 1 45 19 139 139
samples\1677_2.jpg\0001_0045_0019_0139_0139.jpg 1 45 19 139 139
samples\1678_0.jpg\0001_0026_0021_0157_0157.jpg 1 26 21 157 157
samples\1678_2.jpg\0001_0041_0021_0157_0157.jpg 1 41 21 157 157
samples\167_0.jpg\0001_0045_0019_0139_0139.jpg 1 45 19 139 139
samples\167_2.jpg\0001_0045_0019_0139_0139.jpg 1 45 19 139 139
samples\1680_0.jpg\0001_0613_0258_1847_1847.jpg 1 613 258 1847 1847
samples\1680_2.jpg\0001_0045_0019_0139_0139.jpg 1 45 19 139 139
samples\1685_0.jpg\0001_0046_0018_0137_0137.jpg 1 46 18 137 137
samples\1685_2.jpg\0001_0045_0019_0139_0139.jpg 1 45 19 139 139
samples\1687_0.jpg\0001_0083_0043_0312_0312.jpg 1 83 43 312 312
samples\1687_2.jpg\0001_0041_0021_0157_0157.jpg 1 41 21 157 157
samples\1689_0.jpg\0001_0047_0017_0131_0131.jpg 1 47 17 131 131
samples\1689_2.jpg\0001_0042_0084_0312_0312.jpg 1 42 84 312 312
samples\168_0.jpg\0001_0182_0133_0055_0055.jpg 1 182 133 55 55
samples\168_2.jpg\0001_0179_0152_0060_0060.jpg 1 179 152 60 60
samples\1691_0.jpg\0001_0077_0163_0046_0046.jpg 1 77 163 46 46
samples\1691_2.jpg\0001_0127_0152_0060_0060.jpg 1 127 152 60 60
samples\1694_0.jpg\0001_0370_0318_0103_0103.jpg 1 370 318 103 103
samples\1694_2.jpg\0001_0179_0151_0060_0060.jpg 1 179 151 60 60
samples\1696_0.jpg\0001_0179_0152_0060_0060.jpg 1 179 152 60 60
samples\1696_2.jpg\0001_1602_3168_0523_0523.jpg 1 1602 3168 523 523
samples\169_0.jpg\0001_0370_0318_0103_0103.jpg 1 370 318 103 103
samples\169_2.jpg\0001_0077_0163_0046_0046.jpg 1 77 163 46 46
samples\16_0.jpg\0001_0182_0131_0055_0055.jpg 1 182 131 55 55
samples\16_2.jpg\0001_0179_0152_0060_0060.jpg 1 179 152 60 60
samples\1700_0.jpg\0001_0182_0131_0055_0055.jpg 1 182 131 55 55
samples\1700_2.jpg\0001_0182_0133_0055_0055.jpg 1 182 133 55 55
samples\1702_0.jpg\0001_0370_0318_0103_0103.jpg 1 370 318 103 103
samples\1702_2.jpg\0001_0370_0318_0103_0103.jpg 1 370 318 103 103
samples\1704_0.jpg\0001_0070_0079_0102_0102.jpg 1 70 79 102 102
samples\1704_2.jpg\0001_0141_0174_0205_0205.jpg 1 141 174 205 205
samples\1705_0.jpg\0001_0063_0084_0107_0107.jpg 1 63 84 107 107
samples\1705_2.jpg\0001_0073_0071_0094_0094.jpg 1 73 71 94 94
samples\1706_0.jpg\0001_0148_0153_0183_0183.jpg 1 148 153 183 183
samples\1706_2.jpg\0001_0069_0084_0107_0107.jpg 1 69 84 107 107
samples\1707_0.jpg\0001_0072_0074_0096_0096.jpg 1 72 74 96 96
samples\1707_2.jpg\0001_0077_0060_0081_0081.jpg 1 77 60 81 81
samples\170_0.jpg\0001_0063_0084_0107_0107.jpg 1 63 84 107 107
samples\170_2.jpg\0001_0072_0074_0096_0096.jpg 1 72 74 96 96
samples\1711_0.jpg\0001_0141_0174_0205_0205.jpg 1 141 174 205 205
samples\1711_2.jpg\0001_0089_0275_0205_0205.jpg 1 89 275 205 205
samples\1712_0.jpg\0001_0069_0084_0107_0107.jpg 1 69 84 107 107
samples\1712_2.jpg\0001_0141_0174_0205_0205.jpg 1 141 174 205 205
samples\1713_0.jpg\0001_0072_0074_0096_0096.jpg 1 72 74 96 96
samples\1713_2.jpg\0001_0063_0084_0107_0107.jpg 1 63 84 107 107
samples\1714_0.jpg\0001_0072_0075_0098_0098.jpg 1 72 75 98 98
samples\1714_2.jpg\0001_0072_0074_0096_0096.jpg 1 72 74 96 96
samples\1715_0.jpg\0001_0069_0084_0107_0107.jpg 1 69 84 107 107
samples\1715_2.jpg\0001_0073_0072_0095_0095.jpg 1 73 72 95 95
samples\1717_0.jpg\0001_0141_0174_0205_0205.jpg 1 141 174 205 205
samples\1717_2.jpg\0001_0141_0174_0205_0205.jpg 1 141 174 205 205
samples\171_0.jpg\0001_0072_0074_0096_0096.jpg 1 72 74 96 96
samples\171_2.jpg\0001_0141_0174_0205_0205.jpg 1 141 174 205 205
samples\1721_0.jpg\0001_0069_0084_0107_0107.jpg 1 69 84 107 107
samples\1721_2.jpg\0001_0069_0084_0107_0107.jpg 1 69 84 107 107
samples\1731_0.jpg\0001_0027_0105_0074_0074.jpg 1 27 105 74 74
samples\1731_2.jpg\0001_0089_0275_0205_0205.jpg 1 89 275 205 205
samples\1732_0.jpg\0001_0069_0084_0107_0107.jpg 1 69 84 107 107
samples\1732_2.jpg\0001_0710_0744_0824_0824.jpg 1 710 744 824 824
samples\1733_0.jpg\0001_0253_0072_0307_0307.jpg 1 253 72 307 307
samples\1733_2.jpg\0001_0253_0072_0307_0307.jpg 1 253 72 307 307
samples\1734_0.jpg\0001_0279_0064_0273_0273.jpg 1 279 64 273 273
samples\1734_2.jpg\0001_0139_0031_0137_0137.jpg 1 139 31 137 137
samples\1736_0.jpg\0001_0074_0036_0154_0154.jpg 1 74 36 154 154
samples\1736_2.jpg\0001_0279_0064_0273_0273.jpg 1 279 64 273 273
samples\1738_0.jpg\0001_1871_0434_1815_1815.jpg 1 1871 434 1815 1815
samples\1738_2.jpg\0001_0058_0039_0051_0051.jpg 1 58 39 51 51
samples\173_0.jpg\0001_0096_0037_0058_0058.jpg 1 96 37 58 58
samples\173_2.jpg\0001_0047_0040_0045_0045.jpg 1 47 40 45 45
samples\1740_0.jpg\0001_0106_0033_0053_0053.jpg 1 106 33 53 53
samples\1740_2.jpg\0001_0151_0112_0098_0098.jpg 1 151 112 98 98
samples\1742_0.jpg\0001_0151_0112_0098_0098.jpg 1 151 112 98 98
samples\1742_2.jpg\0001_0106_0031_0052_0052.jpg 1 106 31 52 52
samples\1744_0.jpg\0001_0106_0030_0051_0051.jpg 1 106 30 51 51
samples\1744_2.jpg\0001_0151_0112_0098_0098.jpg 1 151 112 98 98
samples\1745_0.jpg\0001_0106_0032_0052_0052.jpg 1 106 32 52 52
samples\1745_2.jpg\0001_0215_0079_0098_0098.jpg 1 215 79 98 98
samples\1746_0.jpg\0001_0106_0033_0053_0053.jpg 1 106 33 53 53
samples\1746_2.jpg\0001_0937_0785_0492_0492.jpg 1 937 785 492 492
samples\1747_0.jpg\0001_0188_0094_0094_0094.jpg 1 188 94 94 94
samples\1747_2.jpg\0001_0366_0222_0200_0200.jpg 1 366 222 200 200
samples\1748_0.jpg\0001_0188_0094_0094_0094.jpg 1 188 94 94 94
samples\1748_2.jpg\0001_0179_0107_0105_0105.jpg 1 179 107 105 105
samples\1749_0.jpg\0001_0366_0222_0200_0200.jpg 1 366 222 200 200
samples\1749_2.jpg\0001_0188_0094_0094_0094.jpg 1 188 94 94 94
samples\1752_0.jpg\0001_0179_0107_0105_0105.jpg 1 179 107 105 105
samples\1752_2.jpg\0001_0060_0139_0065_0065.jpg 1 60 139 65 65
samples\1755_0.jpg\0001_0163_0107_0105_0105.jpg 1 163 107 105 105
samples\1755_2.jpg\0001_0188_0094_0094_0094.jpg 1 188 94 94 94
samples\1757_0.jpg\0001_0127_0107_0105_0105.jpg 1 127 107 105 105
samples\1757_2.jpg\0001_0188_0094_0094_0094.jpg 1 188 94 94 94
samples\175_0.jpg\0001_0179_0107_0105_0105.jpg 1 179 107 105 105
samples\175_2.jpg\0001_0188_0094_0094_0094.jpg 1 188 94 94 94
samples\1763_0.jpg\0001_0163_0107_0105_0105.jpg 1 163 107 105 105
samples\1763_2.jpg\0001_0366_0222_0200_0200.jpg 1 366 222 200 200
samples\1765_0.jpg\0001_0179_0107_0105_0105.jpg 1 179 107 105 105
samples\1765_2.jpg\0001_0366_0222_0200_0200.jpg 1 366 222 200 200
samples\1766_0.jpg\0001_0189_0093_0093_0093.jpg 1 189 93 93 93
samples\1766_2.jpg\0001_0082_0126_0081_0081.jpg 1 82 126 81 81
samples\1767_0.jpg\0001_0179_0107_0105_0105.jpg 1 179 107 105 105
samples\1767_2.jpg\0001_0071_0133_0072_0072.jpg 1 71 133 72 72
samples\1769_0.jpg\0001_0188_0094_0094_0094.jpg 1 188 94 94 94
samples\1769_2.jpg\0001_0233_0349_0200_0200.jpg 1 233 349 200 200
samples\176_0.jpg\0001_0188_0094_0094_0094.jpg 1 188 94 94 94
samples\176_2.jpg\0001_0179_0107_0105_0105.jpg 1 179 107 105 105
samples\1778_0.jpg\0001_0366_0222_0200_0200.jpg 1 366 222 200 200
samples\1778_2.jpg\0001_0233_0349_0200_0200.jpg 1 233 349 200 200
samples\1781_0.jpg\0001_0071_0133_0072_0072.jpg 1 71 133 72 72
samples\1781_2.jpg\0001_0091_0120_0088_0088.jpg 1 91 120 88 88
samples\1782_0.jpg\0001_0179_0107_0105_0105.jpg 1 179 107 105 105
samples\1782_2.jpg\0001_0179_0107_0105_0105.jpg 1 179 107 105 105
samples\1783_0.jpg\0001_0093_0040_0122_0122.jpg 1 93 40 122 122
samples\1783_2.jpg\0001_0158_0103_0302_0302.jpg 1 158 103 302 302
samples\1784_0.jpg\0001_0092_0041_0124_0124.jpg 1 92 41 124 124
samples\1784_2.jpg\0001_0078_0051_0152_0152.jpg 1 78 51 152 152
samples\1785_0.jpg\0001_0086_0045_0135_0135.jpg 1 86 45 135 135
samples\1785_2.jpg\0001_0086_0045_0135_0135.jpg 1 86 45 135 135
samples\1788_0.jpg\0001_0026_0080_0102_0102.jpg 1 26 80 102 102
samples\1788_2.jpg\0001_0078_0051_0152_0152.jpg 1 78 51 152 152
samples\178_0.jpg\0001_0064_0051_0152_0152.jpg 1 64 51 152 152
samples\178_2.jpg\0001_0158_0103_0302_0302.jpg 1 158 103 302 302
samples\1790_0.jpg\0001_0158_0103_0302_0302.jpg 1 158 103 302 302
samples\1790_2.jpg\0001_0078_0051_0152_0152.jpg 1 78 51 152 152
samples\1792_0.jpg\0001_0078_0051_0152_0152.jpg 1 78 51 152 152
samples\1792_2.jpg\0001_0083_0196_0302_0302.jpg 1 83 196 302 302
samples\1793_0.jpg\0001_0026_0080_0102_0102.jpg 1 26 80 102 102
samples\1793_2.jpg\0001_0070_0051_0152_0152.jpg 1 70 51 152 152
samples\1794_0.jpg\0001_0038_0058_0140_0140.jpg 1 38 58 140 140
samples\1794_2.jpg\0001_0078_0051_0152_0152.jpg 1 78 51 152 152
samples\1795_0.jpg\0001_0078_0051_0152_0152.jpg 1 78 51 152 152
samples\1795_2.jpg\0001_0046_0051_0152_0152.jpg 1 46 51 152 152
samples\1798_0.jpg\0001_0041_0051_0152_0152.jpg 1 41 51 152 152
samples\1798_2.jpg\0001_0085_0046_0138_0138.jpg 1 85 46 138 138
samples\1799_0.jpg\0001_0158_0103_0302_0302.jpg 1 158 103 302 302
samples\1799_2.jpg\0001_0158_0103_0302_0302.jpg 1 158 103 302 302
samples\179_0.jpg\0001_0088_0044_0132_0132.jpg 1 88 44 132 132
samples\179_2.jpg\0001_0079_0050_0151_0151.jpg 1 79 50 151 151
samples\17_0.jpg\0001_0078_0051_0152_0152.jpg 1 78 51 152 152
samples\17_2.jpg\0001_0086_0045_0135_0135.jpg 1 86 45 135 135
samples\1800_0.jpg\0001_0158_0103_0302_0302.jpg 1 158 103 302 302
samples\1800_2.jpg\0001_0174_0091_0269_0269.jpg 1 174 91 269 269
samples\1803_0.jpg\0001_0086_0045_0135_0135.jpg 1 86 45 135 135
samples\1803_2.jpg\0001_0058_0143_0093_0093.jpg 1 58 143 93 93
samples\1805_0.jpg\0001_0028_0058_0051_0051.jpg 1 28 58 51 51
samples\1805_2.jpg\0001_0028_0059_0051_0051.jpg 1 28 59 51 51
samples\1809_0.jpg\0001_0028_0059_0051_0051.jpg 1 28 59 51 51
samples\1809_2.jpg\0001_0159_0321_0181_0181.jpg 1 159 321 181 181
samples\180_0.jpg\0001_0058_0143_0093_0093.jpg 1 58 143 93 93
samples\180_2.jpg\0001_0013_0072_0045_0045.jpg 1 13 72 45 45
samples\1813_0.jpg\0001_0012_0072_0043_0043.jpg 1 12 72 43 43
samples\1813_2.jpg\0001_0024_0068_0055_0055.jpg 1 24 68 55 55
samples\1817_0.jpg\0001_0028_0067_0055_0055.jpg 1 28 67 55 55
samples\1817_2.jpg\0001_0028_0062_0053_0053.jpg 1 28 62 53 53
samples\1818_0.jpg\0001_0012_0072_0043_0043.jpg 1 12 72 43 43
samples\1818_2.jpg\0001_0028_0061_0052_0052.jpg 1 28 61 52 52
samples\1819_0.jpg\0001_0012_0072_0043_0043.jpg 1 12 72 43 43
samples\1819_2.jpg\0001_0028_0068_0055_0055.jpg 1 28 68 55 55
samples\1820_0.jpg\0001_0028_0067_0055_0055.jpg 1 28 67 55 55
samples\1820_2.jpg\0001_0028_0068_0055_0055.jpg 1 28 68 55 55
samples\1823_0.jpg\0001_0028_0068_0055_0055.jpg 1 28 68 55 55
samples\1823_2.jpg\0001_0019_0068_0055_0055.jpg 1 19 68 55 55
samples\182_0.jpg\0001_0012_0072_0043_0043.jpg 1 12 72 43 43
samples\182_2.jpg\0001_0058_0143_0093_0093.jpg 1 58 143 93 93
samples\1833_0.jpg\0001_0028_0059_0051_0051.jpg 1 28 59 51 51
samples\1833_2.jpg\0001_0012_0072_0043_0043.jpg 1 12 72 43 43
samples\1834_0.jpg\0001_0028_0059_0051_0051.jpg 1 28 59 51 51
samples\1834_2.jpg\0001_0012_0072_0043_0043.jpg 1 12 72 43 43
samples\1835_0.jpg\0001_0028_0054_0048_0048.jpg 1 28 54 48 48
samples\1835_2.jpg\0001_0058_0143_0093_0093.jpg 1 58 143 93 93
samples\1837_0.jpg\0001_0028_0054_0048_0048.jpg 1 28 54 48 48
samples\1837_2.jpg\0001_0028_0059_0051_0051.jpg 1 28 59 51 51
samples\1839_0.jpg\0001_0026_0068_0055_0055.jpg 1 26 68 55 55
samples\1839_2.jpg\0001_0058_0143_0093_0093.jpg 1 58 143 93 93
samples\1840_0.jpg\0001_0117_0021_0103_0103.jpg 1 117 21 103 103
samples\1840_2.jpg\0001_0118_0021_0102_0102.jpg 1 118 21 102 102
samples\1841_0.jpg\0001_0127_0016_0084_0084.jpg 1 127 16 84 84
samples\1841_2.jpg\0001_0047_0026_0071_0071.jpg 1 47 26 71 71
samples\1842_0.jpg\0001_0241_0044_0195_0195.jpg 1 241 44 195 195
samples\1842_2.jpg\0001_0123_0019_0092_0092.jpg 1 123 19 92 92
samples\1845_0.jpg\0001_0117_0021_0103_0103.jpg 1 117 21 103 103
samples\1845_2.jpg\0001_0124_0018_0091_0091.jpg 1 124 18 91 91
samples\1847_0.jpg\0001_0117_0021_0103_0103.jpg 1 117 21 103 103
samples\1847_2.jpg\0001_0123_0019_0092_0092.jpg 1 123 19 92 92
samples\1856_0.jpg\0001_0117_0021_0103_0103.jpg 1 117 21 103 103
samples\1856_2.jpg\0001_0088_0021_0103_0103.jpg 1 88 21 103 103
samples\185_0.jpg\0001_0241_0044_0195_0195.jpg 1 241 44 195 195
samples\185_2.jpg\0001_0241_0044_0195_0195.jpg 1 241 44 195 195
samples\1864_0.jpg\0001_0123_0019_0092_0092.jpg 1 123 19 92 92
samples\1864_2.jpg\0001_0241_0044_0195_0195.jpg 1 241 44 195 195
samples\1865_0.jpg\0001_0241_0044_0195_0195.jpg 1 241 44 195 195
samples\1865_2.jpg\0001_0117_0021_0103_0103.jpg 1 117 21 103 103
samples\1866_0.jpg\0001_0047_0026_0072_0072.jpg 1 47 26 72 72
samples\1866_2.jpg\0001_0047_0026_0071_0071.jpg 1 47 26 71 71
samples\1868_0.jpg\0001_0123_0019_0092_0092.jpg 1 123 19 92 92
samples\1868_2.jpg\0001_0123_0019_0092_0092.jpg 1 123 19 92 92
samples\186_0.jpg\0001_0073_0021_0102_0102.jpg 1 73 21 102 102
samples\186_2.jpg\0001_0241_0044_0195_0195.jpg 1 241 44 195 195
samples\1876_0.jpg\0001_0241_0044_0195_0195.jpg 1 241 44 195 195
samples\1876_2.jpg\0001_0117_0021_0103_0103.jpg 1 117 21 103 103
samples\1877_0.jpg\0001_0241_0044_0195_0195.jpg 1 241 44 195 195
samples\1877_2.jpg\0001_0123_0019_0092_0092.jpg 1 123 19 92 92
samples\1880_0.jpg\0001_0154_0070_0195_0195.jpg 1 154 70 195 195
samples\1880_2.jpg\0001_0117_0021_0103_0103.jpg 1 117 21 103 103
samples\1881_0.jpg\0001_0241_0044_0195_0195.jpg 1 241 44 195 195
samples\1881_2.jpg\0001_0033_0058_0131_0131.jpg 1 33 58 131 131
samples\1884_0.jpg\0001_0061_0136_0297_0297.jpg 1 61 136 297 297
samples\1884_2.jpg\0001_0011_0094_0113_0113.jpg 1 11 94 113 113
samples\1885_0.jpg\0001_0033_0059_0133_0133.jpg 1 33 59 133 133
samples\1885_2.jpg\0001_0449_0816_1752_1752.jpg 1 449 816 1752 1752
samples\1888_0.jpg\0001_0030_0067_0150_0150.jpg 1 30 67 150 150
samples\1888_2.jpg\0001_0030_0067_0150_0150.jpg 1 30 67 150 150
samples\1889_0.jpg\0001_0033_0059_0133_0133.jpg 1 33 59 133 133
samples\1889_2.jpg\0001_0012_0092_0116_0116.jpg 1 12 92 116 116
samples\1890_0.jpg\0001_0030_0067_0149_0149.jpg 1 30 67 149 149
samples\1890_2.jpg\0001_0026_0067_0150_0150.jpg 1 26 67 150 150
samples\1891_0.jpg\0001_0061_0136_0297_0297.jpg 1 61 136 297 297
samples\1891_2.jpg\0001_0164_0099_0053_0053.jpg 1 164 99 53 53
samples\1894_0.jpg\0001_0339_0208_0088_0088.jpg 1 339 208 88 88
samples\1894_2.jpg\0001_0125_0099_0053_0053.jpg 1 125 99 53 53
samples\1899_0.jpg\0001_0344_0184_0080_0080.jpg 1 344 184 80 80
samples\1899_2.jpg\0001_0167_0080_0047_0047.jpg 1 167 80 47 47
samples\18_0.jpg\0001_0111_0100_0052_0052.jpg 1 111 100 52 52
samples\18_2.jpg\0001_0339_0208_0088_0088.jpg 1 339 208 88 88
samples\1900_0.jpg\0001_0344_0184_0080_0080.jpg 1 344 184 80 80
samples\1900_2.jpg\0001_0164_0098_0053_0053.jpg 1 164 98 53 53
samples\1901_0.jpg\0001_0158_0099_0053_0053.jpg 1 158 99 53 53
samples\1901_2.jpg\0001_0339_0208_0088_0088.jpg 1 339 208 88 88
samples\1903_0.jpg\0001_0339_0208_0088_0088.jpg 1 339 208 88 88
samples\1903_2.jpg\0001_0339_0208_0088_0088.jpg 1 339 208 88 88
samples\1904_0.jpg\0001_0164_0099_0053_0053.jpg 1 164 99 53 53
samples\1904_2.jpg\0001_0166_0087_0049_0049.jpg 1 166 87 49 49
samples\1905_0.jpg\0001_0164_0099_0053_0053.jpg 1 164 99 53 53
samples\1905_2.jpg\0001_0166_0087_0049_0049.jpg 1 166 87 49 49
samples\190_0.jpg\0001_0344_0184_0080_0080.jpg 1 344 184 80 80
samples\190_2.jpg\0001_0166_0087_0049_0049.jpg 1 166 87 49 49
samples\1914_0.jpg\0001_0164_0099_0053_0053.jpg 1 164 99 53 53
samples\1914_2.jpg\0001_0072_0105_0041_0041.jpg 1 72 105 41 41
samples\1920_0.jpg\0001_0071_0105_0041_0041.jpg 1 71 105 41 41
samples\1920_2.jpg\0001_0164_0099_0053_0053.jpg 1 164 99 53 53
samples\1923_0.jpg\0001_0129_0099_0053_0053.jpg 1 129 99 53 53
samples\1923_2.jpg\0001_0166_0087_0049_0049.jpg 1 166 87 49 49
samples\1925_0.jpg\0001_0055_0108_0037_0037.jpg 1 55 108 37 37
samples\1925_2.jpg\0001_0339_0208_0088_0088.jpg 1 339 208 88 88
samples\1926_0.jpg\0001_0074_0105_0042_0042.jpg 1 74 105 42 42
samples\1926_2.jpg\0001_0339_0208_0088_0088.jpg 1 339 208 88 88
samples\1931_0.jpg\0001_0339_0208_0088_0088.jpg 1 339 208 88 88
samples\1931_2.jpg\0001_0064_0150_0170_0170.jpg 1 64 150 170 170
samples\1932_0.jpg\0001_0112_0092_0190_0190.jpg 1 112 92 190 190
samples\1932_2.jpg\0001_0112_0092_0190_0190.jpg 1 112 92 190 190
samples\1934_0.jpg\0001_0057_0039_0090_0090.jpg 1 57 39 90 90
samples\1934_2.jpg\0001_0061_0030_0073_0073.jpg 1 61 30 73 73
samples\1937_0.jpg\0001_0061_0031_0075_0075.jpg 1 61 31 75 75
samples\1937_2.jpg\0001_0112_0092_0190_0190.jpg 1 112 92 190 190
samples\1939_0.jpg\0001_0057_0040_0091_0091.jpg 1 57 40 91 91
samples\1939_2.jpg\0001_0112_0092_0190_0190.jpg 1 112 92 190 190
samples\193_0.jpg\0001_0033_0046_0096_0096.jpg 1 33 46 96 96
samples\193_2.jpg\0001_0055_0044_0100_0100.jpg 1 55 44 100 100
samples\1940_0.jpg\0001_0039_0044_0100_0100.jpg 1 39 44 100 100
samples\1940_2.jpg\0001_0035_0044_0100_0100.jpg 1 35 44 100 100
samples\1941_0.jpg\0001_0057_0039_0090_0090.jpg 1 57 39 90 90
samples\1941_2.jpg\0001_0072_0144_0190_0190.jpg 1 72 144 190 190
samples\1942_0.jpg\0001_0055_0044_0100_0100.jpg 1 55 44 100 100
samples\1942_2.jpg\0001_0050_0044_0100_0100.jpg 1 50 44 100 100
samples\1943_0.jpg\0001_0117_0081_0170_0170.jpg 1 117 81 170 170
samples\1943_2.jpg\0001_0112_0092_0190_0190.jpg 1 112 92 190 190
samples\1947_0.jpg\0001_0057_0039_0090_0090.jpg 1 57 39 90 90
samples\1947_2.jpg\0001_0035_0044_0100_0100.jpg 1 35 44 100 100
samples\1949_0.jpg\0001_0026_0051_0080_0080.jpg 1 26 51 80 80
samples\1949_2.jpg\0001_0024_0052_0076_0076.jpg 1 24 52 76 76
samples\1950_0.jpg\0001_0055_0044_0100_0100.jpg 1 55 44 100 100
samples\1950_2.jpg\0001_0055_0044_0100_0100.jpg 1 55 44 100 100
samples\1951_0.jpg\0001_0044_0044_0100_0100.jpg 1 44 44 100 100
samples\1951_2.jpg\0001_0055_0044_0100_0100.jpg 1 55 44 100 100
samples\1952_0.jpg\0001_0055_0044_0100_0100.jpg 1 55 44 100 100
samples\1952_2.jpg\0001_0057_0039_0090_0090.jpg 1 57 39 90 90
samples\1953_0.jpg\0001_0055_0044_0100_0100.jpg 1 55 44 100 100
samples\1953_2.jpg\0001_0057_0038_0089_0089.jpg 1 57 38 89 89
samples\1955_0.jpg\0001_0118_0009_0148_0148.jpg 1 118 9 148 148
samples\1955_2.jpg\0001_0118_0009_0148_0148.jpg 1 118 9 148 148
samples\1956_0.jpg\0001_0118_0009_0148_0148.jpg 1 118 9 148 148
samples\1956_2.jpg\0001_0129_0008_0131_0131.jpg 1 129 8 131 131
samples\1957_0.jpg\0001_0041_0015_0099_0099.jpg 1 41 15 99 99
samples\1957_2.jpg\0001_0129_0008_0131_0131.jpg 1 129 8 131 131
samples\1959_0.jpg\0001_0045_0014_0107_0107.jpg 1 45 14 107 107
samples\1959_2.jpg\0001_0041_0015_0099_0099.jpg 1 41 15 99 99
samples\1961_0.jpg\0001_0129_0008_0131_0131.jpg 1 129 8 131 131
samples\1961_2.jpg\0001_0239_0020_0292_0292.jpg 1 239 20 292 292
samples\1963_0.jpg\0001_0774_0274_1721_1721.jpg 1 774 274 1721 1721
samples\1963_2.jpg\0001_0129_0008_0131_0131.jpg 1 129 8 131 131
samples\1965_0.jpg\0001_0239_0020_0292_0292.jpg 1 239 20 292 292
samples\1965_2.jpg\0001_0129_0008_0131_0131.jpg 1 129 8 131 131
samples\1967_0.jpg\0001_0063_0009_0148_0148.jpg 1 63 9 148 148
samples\1967_2.jpg\0001_0038_0139_0040_0040.jpg 1 38 139 40 40
samples\1969_0.jpg\0001_0179_0275_0083_0083.jpg 1 179 275 83 83
samples\1969_2.jpg\0001_0088_0115_0047_0047.jpg 1 88 115 47 47
samples\196_0.jpg\0001_0088_0115_0047_0047.jpg 1 88 115 47 47
samples\196_2.jpg\0001_0038_0139_0040_0040.jpg 1 38 139 40 40
samples\1970_0.jpg\0001_0179_0275_0083_0083.jpg 1 179 275 83 83
samples\1970_2.jpg\0001_0086_0131_0051_0051.jpg 1 86 131 51 51
samples\1975_0.jpg\0001_0087_0122_0049_0049.jpg 1 87 122 49 49
samples\1975_2.jpg\0001_0088_0104_0045_0045.jpg 1 88 104 45 45
samples\1976_0.jpg\0001_0088_0113_0047_0047.jpg 1 88 113 47 47
samples\1976_2.jpg\0001_0088_0115_0047_0047.jpg 1 88 115 47 47
samples\1977_0.jpg\0001_0089_0101_0044_0044.jpg 1 89 101 44 44
samples\1977_2.jpg\0001_0087_0116_0048_0048.jpg 1 87 116 48 48
samples\1979_0.jpg\0001_0088_0115_0047_0047.jpg 1 88 115 47 47
samples\1979_2.jpg\0001_0039_0138_0041_0041.jpg 1 39 138 41 41
samples\1980_0.jpg\0001_0089_0095_0043_0043.jpg 1 89 95 43 43
samples\1980_2.jpg\0001_0088_0115_0047_0047.jpg 1 88 115 47 47
samples\1981_0.jpg\0001_0087_0118_0048_0048.jpg 1 87 118 48 48
samples\1981_2.jpg\0001_0086_0131_0051_0051.jpg 1 86 131 51 51
samples\1984_0.jpg\0001_0088_0115_0047_0047.jpg 1 88 115 47 47
samples\1984_2.jpg\0001_0080_0131_0051_0051.jpg 1 80 131 51 51
samples\1986_0.jpg\0001_0179_0275_0083_0083.jpg 1 179 275 83 83
samples\1986_2.jpg\0001_0128_0387_0083_0083.jpg 1 128 387 83 83
samples\1987_0.jpg\0001_0088_0115_0047_0047.jpg 1 88 115 47 47
samples\1987_2.jpg\0001_0179_0275_0083_0083.jpg 1 179 275 83 83
samples\1989_0.jpg\0001_0087_0127_0050_0050.jpg 1 87 127 50 50
samples\1989_2.jpg\0001_0086_0131_0051_0051.jpg 1 86 131 51 51
samples\1990_0.jpg\0001_0086_0131_0051_0051.jpg 1 86 131 51 51
samples\1990_2.jpg\0001_0182_0243_0076_0076.jpg 1 182 243 76 76
samples\1991_0.jpg\0001_0179_0275_0083_0083.jpg 1 179 275 83 83
samples\1991_2.jpg\0001_0087_0121_0049_0049.jpg 1 87 121 49 49
samples\1993_0.jpg\0001_0791_2693_0397_0397.jpg 1 791 2693 397 397
samples\1993_2.jpg\0001_0345_0142_0185_0185.jpg 1 345 142 185 185
samples\1996_0.jpg\0001_0172_0063_0093_0093.jpg 1 172 63 93 93
samples\1996_2.jpg\0001_0176_0060_0088_0088.jpg 1 176 60 88 88
samples\1997_0.jpg\0001_0068_0082_0069_0069.jpg 1 68 82 69 69
samples\1997_2.jpg\0001_0170_0066_0096_0096.jpg 1 170 66 96 96
samples\1998_0.jpg\0001_0176_0060_0088_0088.jpg 1 176 60 88 88
samples\1998_2.jpg\0001_0084_0077_0080_0080.jpg 1 84 77 80 80
samples\1999_0.jpg\0001_0168_0068_0098_0098.jpg 1 168 68 98 98
samples\1999_2.jpg\0001_0176_0060_0088_0088.jpg 1 176 60 88 88
samples\19_0.jpg\0001_0108_0068_0098_0098.jpg 1 108 68 98 98
samples\19_2.jpg\0001_0176_0060_0088_0088.jpg 1 176 60 88 88
samples\1_0.jpg\0001_0168_0068_0098_0098.jpg 1 168 68 98 98
samples\1_2.jpg\0001_0223_0219_0185_0185.jpg 1 223 219 185 185
samples\2000_0.jpg\0001_0068_0082_0069_0069.jpg 1 68 82 69 69
samples\2000_2.jpg\0001_0168_0068_0098_0098.jpg 1 168 68 98 98
samples\2001_0.jpg\0001_0176_0060_0088_0088.jpg 1 176 60 88 88
samples\2001_2.jpg\0001_0174_0062_0090_0090.jpg 1 174 62 90 90
samples\2003_0.jpg\0001_0086_0076_0082_0082.jpg 1 86 76 82 82
samples\2003_2.jpg\0001_0107_0068_0098_0098.jpg 1 107 68 98 98
samples\2005_0.jpg\0001_0169_0068_0097_0097.jpg 1 169 68 97 97
samples\2005_2.jpg\0001_0345_0142_0185_0185.jpg 1 345 142 185 185
samples\2006_0.jpg\0001_0069_0025_0145_0145.jpg 1 69 25 145 145
samples\2006_2.jpg\0001_0069_0025_0145_0145.jpg 1 69 25 145 145
samples\2008_0.jpg\0001_0075_0022_0128_0128.jpg 1 75 22 128 128
samples\2008_2.jpg\0001_0033_0029_0129_0129.jpg 1 33 29 129 129
samples\200_0.jpg\0001_0458_0697_1689_1689.jpg 1 458 697 1689 1689
samples\200_2.jpg\0001_0069_0025_0145_0145.jpg 1 69 25 145 145
samples\2011_0.jpg\0001_0139_0052_0287_0287.jpg 1 139 52 287 287
samples\2011_2.jpg\0001_0029_0033_0117_0117.jpg 1 29 33 117 117
samples\2015_0.jpg\0001_0139_0052_0287_0287.jpg 1 139 52 287 287
samples\2015_2.jpg\0001_0069_0025_0144_0144.jpg 1 69 25 144 144
samples\2018_0.jpg\0001_0075_0022_0129_0129.jpg 1 75 22 129 129
samples\2018_2.jpg\0001_0075_0022_0129_0129.jpg 1 75 22 129 129
samples\201_0.jpg\0001_0024_0038_0097_0097.jpg 1 24 38 97 97
samples\201_2.jpg\0001_0139_0052_0287_0287.jpg 1 139 52 287 287
samples\2020_0.jpg\0001_0075_0022_0129_0129.jpg 1 75 22 129 129
samples\2020_2.jpg\0001_0069_0025_0145_0145.jpg 1 69 25 145 145
samples\2021_0.jpg\0001_0467_0344_0078_0078.jpg 1 467 344 78 78
samples\2021_2.jpg\0001_0467_0344_0078_0078.jpg 1 467 344 78 78
samples\2023_0.jpg\0001_0228_0145_0045_0045.jpg 1 228 145 45 45
samples\2023_2.jpg\0001_0228_0144_0045_0045.jpg 1 228 144 45 45
samples\2025_0.jpg\0001_0231_0125_0042_0042.jpg 1 231 125 42 42
samples\2025_2.jpg\0001_0222_0163_0049_0049.jpg 1 222 163 49 49
samples\2028_0.jpg\0001_0467_0344_0078_0078.jpg 1 467 344 78 78
samples\2028_2.jpg\0001_0149_0165_0047_0047.jpg 1 149 165 47 47
samples\202_0.jpg\0001_0467_0344_0078_0078.jpg 1 467 344 78 78
samples\202_2.jpg\0001_0225_0163_0049_0049.jpg 1 225 163 49 49
samples\2030_0.jpg\0001_0473_0304_0071_0071.jpg 1 473 304 71 71
samples\2030_2.jpg\0001_0226_0162_0048_0048.jpg 1 226 162 48 48
samples\2032_0.jpg\0001_0334_0481_0078_0078.jpg 1 334 481 78 78
samples\2032_2.jpg\0001_0228_0144_0045_0045.jpg 1 228 144 45 45
samples\2034_0.jpg\0001_0467_0344_0078_0078.jpg 1 467 344 78 78
samples\2034_2.jpg\0001_0225_0163_0049_0049.jpg 1 225 163 49 49
samples\2037_0.jpg\0001_0228_0144_0045_0045.jpg 1 228 144 45 45
samples\2037_2.jpg\0001_0467_0344_0078_0078.jpg 1 467 344 78 78
samples\2039_0.jpg\0001_0225_0163_0049_0049.jpg 1 225 163 49 49
samples\2039_2.jpg\0001_0219_0163_0049_0049.jpg 1 219 163 49 49
samples\203_0.jpg\0001_0228_0141_0045_0045.jpg 1 228 141 45 45
samples\203_2.jpg\0001_0467_0344_0078_0078.jpg 1 467 344 78 78
samples\2041_0.jpg\0001_0228_0144_0045_0045.jpg 1 228 144 45 45
samples\2041_2.jpg\0001_0228_0144_0045_0045.jpg 1 228 144 45 45
samples\2044_0.jpg\0001_0467_0344_0078_0078.jpg 1 467 344 78 78
samples\2044_2.jpg\0001_0226_0160_0048_0048.jpg 1 226 160 48 48
samples\2045_0.jpg\0001_0099_0172_0039_0039.jpg 1 99 172 39 39
samples\2045_2.jpg\0001_0228_0144_0045_0045.jpg 1 228 144 45 45
samples\2047_0.jpg\0001_0099_0172_0039_0039.jpg 1 99 172 39 39
samples\2047_2.jpg\0001_0467_0344_0078_0078.jpg 1 467 344 78 78
samples\204_0.jpg\0001_0099_0172_0039_0039.jpg 1 99 172 39 39
samples\204_2.jpg\0001_0223_0170_0161_0161.jpg 1 223 170 161 161
samples\2054_0.jpg\0001_0109_0081_0086_0086.jpg 1 109 81 86 86
samples\2054_2.jpg\0001_0215_0193_0180_0180.jpg 1 215 193 180 180
samples\2056_0.jpg\0001_0043_0111_0067_0067.jpg 1 43 111 67 67
samples\2056_2.jpg\0001_0215_0193_0180_0180.jpg 1 215 193 180 180
samples\2058_0.jpg\0001_0109_0081_0086_0086.jpg 1 109 81 86 86
samples\2058_2.jpg\0001_0223_0170_0161_0161.jpg 1 223 170 161 161
samples\2059_0.jpg\0001_0106_0087_0092_0092.jpg 1 106 87 92 92
samples\2059_2.jpg\0001_0109_0081_0086_0086.jpg 1 109 81 86 86
samples\205_0.jpg\0001_0215_0193_0180_0180.jpg 1 215 193 180 180
samples\205_2.jpg\0001_0104_0092_0096_0096.jpg 1 104 92 96 96
samples\2061_0.jpg\0001_0215_0193_0180_0180.jpg 1 215 193 180 180
samples\2061_2.jpg\0001_0043_0111_0067_0067.jpg 1 43 111 67 67
samples\2063_0.jpg\0001_0104_0092_0096_0096.jpg 1 104 92 96 96
samples\2063_2.jpg\0001_0111_0075_0081_0081.jpg 1 111 75 81 81
samples\2064_0.jpg\0001_0104_0092_0096_0096.jpg 1 104 92 96 96
samples\2064_2.jpg\0001_0105_0092_0095_0095.jpg 1 105 92 95 95
samples\2065_0.jpg\0001_0104_0092_0096_0096.jpg 1 104 92 96 96
samples\2065_2.jpg\0001_0104_0092_0096_0096.jpg 1 104 92 96 96
samples\2069_0.jpg\0001_0215_0193_0180_0180.jpg 1 215 193 180 180
samples\2069_2.jpg\0001_0109_0081_0086_0086.jpg 1 109 81 86 86
samples\206_0.jpg\0001_0089_0092_0096_0096.jpg 1 89 92 96 96
samples\206_2.jpg\0001_0043_0111_0067_0067.jpg 1 43 111 67 67
samples\2071_0.jpg\0001_0109_0081_0086_0086.jpg 1 109 81 86 86
samples\2071_2.jpg\0001_0045_0109_0070_0070.jpg 1 45 109 70 70
samples\2074_0.jpg\0001_0109_0081_0086_0086.jpg 1 109 81 86 86
samples\2074_2.jpg\0001_0109_0081_0086_0086.jpg 1 109 81 86 86
samples\2076_0.jpg\0001_0104_0092_0096_0096.jpg 1 104 92 96 96
samples\2076_2.jpg\0001_0104_0092_0096_0096.jpg 1 104 92 96 96
samples\2078_0.jpg\0001_0067_0092_0096_0096.jpg 1 67 92 96 96
samples\2078_2.jpg\0001_0109_0081_0086_0086.jpg 1 109 81 86 86
samples\207_0.jpg\0001_0109_0081_0086_0086.jpg 1 109 81 86 86
samples\207_2.jpg\0001_0104_0092_0096_0096.jpg 1 104 92 96 96
samples\2080_0.jpg\0001_0018_0041_0140_0140.jpg 1 18 41 140 140
samples\2080_2.jpg\0001_0019_0037_0127_0127.jpg 1 19 37 127 127
samples\2081_0.jpg\0001_0018_0041_0143_0143.jpg 1 18 41 143 143
samples\2081_2.jpg\0001_0037_0085_0282_0282.jpg 1 37 85 282 282
samples\2082_0.jpg\0001_0006_0062_0095_0095.jpg 1 6 62 95 95
samples\2082_2.jpg\0001_0020_0036_0126_0126.jpg 1 20 36 126 126
samples\2085_0.jpg\0001_0019_0037_0127_0127.jpg 1 19 37 127 127
samples\2085_2.jpg\0001_0018_0041_0142_0142.jpg 1 18 41 142 142
samples\2088_0.jpg\0001_0020_0154_0282_0282.jpg 1 20 154 282 282
samples\2088_2.jpg\0001_0019_0037_0127_0127.jpg 1 19 37 127 127
samples\208_0.jpg\0001_0016_0041_0143_0143.jpg 1 16 41 143 143
samples\208_2.jpg\0001_0037_0085_0282_0282.jpg 1 37 85 282 282
samples\2092_0.jpg\0001_0018_0041_0143_0143.jpg 1 18 41 143 143
samples\2092_2.jpg\0001_0009_0044_0138_0138.jpg 1 9 44 138 138
samples\2094_0.jpg\0001_0037_0085_0282_0282.jpg 1 37 85 282 282
samples\2094_2.jpg\0001_0040_0075_0251_0251.jpg 1 40 75 251 251
samples\2096_0.jpg\0001_0010_0041_0143_0143.jpg 1 10 41 143 143
samples\2096_2.jpg\0001_0037_0085_0282_0282.jpg 1 37 85 282 282
samples\2099_0.jpg\0001_0006_0062_0096_0096.jpg 1 6 62 96 96
samples\2099_2.jpg\0001_0006_0062_0096_0096.jpg 1 6 62 96 96
samples\209_0.jpg\0001_0019_0037_0127_0127.jpg 1 19 37 127 127
samples\209_2.jpg\0001_0019_0037_0129_0129.jpg 1 19 37 129 129
samples\2101_0.jpg\0001_0018_0168_0251_0251.jpg 1 18 168 251 251
samples\2101_2.jpg\0001_0037_0085_0282_0282.jpg 1 37 85 282 282
samples\2103_0.jpg\0001_0011_0041_0143_0143.jpg 1 11 41 143 143
samples\2103_2.jpg\0001_0040_0075_0251_0251.jpg 1 40 75 251 251
samples\2105_0.jpg\0001_0006_0062_0096_0096.jpg 1 6 62 96 96
samples\2105_2.jpg\0001_0037_0085_0282_0282.jpg 1 37 85 282 282
samples\2110_0.jpg\0001_0018_0041_0143_0143.jpg 1 18 41 143 143
samples\2110_2.jpg\0001_0020_0154_0282_0282.jpg 1 20 154 282 282
samples\2112_0.jpg\0001_0037_0085_0282_0282.jpg 1 37 85 282 282
samples\2112_2.jpg\0001_0149_0037_0043_0043.jpg 1 149 37 43 43
samples\2114_0.jpg\0001_0149_0036_0043_0043.jpg 1 149 36 43 43
samples\2114_2.jpg\0001_0149_0037_0043_0043.jpg 1 149 37 43 43
samples\2116_0.jpg\0001_0075_0043_0040_0040.jpg 1 75 43 40 40
samples\2116_2.jpg\0001_0147_0042_0046_0046.jpg 1 147 42 46 46
samples\2120_0.jpg\0001_0149_0037_0043_0043.jpg 1 149 37 43 43
samples\2120_2.jpg\0001_0125_0042_0046_0046.jpg 1 125 42 46 46
samples\2126_0.jpg\0001_0306_0089_0073_0073.jpg 1 306 89 73 73
samples\2126_2.jpg\0001_0219_0124_0073_0073.jpg 1 219 124 73 73
samples\2127_0.jpg\0001_0309_0078_0067_0067.jpg 1 309 78 67 67
samples\2127_2.jpg\0001_0152_0028_0038_0038.jpg 1 152 28 38 38
samples\2128_0.jpg\0001_0147_0042_0046_0046.jpg 1 147 42 46 46
samples\2128_2.jpg\0001_0219_0124_0073_0073.jpg 1 219 124 73 73
samples\212_0.jpg\0001_0147_0042_0046_0046.jpg 1 147 42 46 46
samples\212_2.jpg\0001_0306_0089_0073_0073.jpg 1 306 89 73 73
samples\2130_0.jpg\0001_0065_0044_0037_0037.jpg 1 65 44 37 37
samples\2130_2.jpg\0001_0148_0040_0045_0045.jpg 1 148 40 45 45
samples\2133_0.jpg\0001_0149_0036_0043_0043.jpg 1 149 36 43 43
samples\2133_2.jpg\0001_0149_0037_0043_0043.jpg 1 149 37 43 43
